200
200
200
200
200
200
55
200
200
200
200
200
196
200
146
200
200
88
200
200
200
200
200
200
200
200
200
84
200
200
194
200
200
200
113
124
200
200
200
200
200
150
200
122
200
200
200
200
200
200
70
200
200
200
200
200
150
94
119
200
200
200
200
200
200
200
200
131
200
193
200
200
114
133
200
200
200
200
154
200
200
200
200
200
144
116
73
200
200
200
200
200
200
19
200
61
159
200
200
133
175
200
81
64
200
200
200
200
200
200
200
200
200
200
200
142
200
200
200
200
200
200
200
172
169
200
88
200
200
200
200
200
35
140
98
192
200
94
119
195
92
94
200
200
200
124
69
68
86
200
