200
200
200
144
121
200
51
200
200
100
200
151
200
200
200
200
200
200
126
102
100
151
200
46
109
200
200
200
135
200
200
197
126
125
200
200
169
200
200
200
200
100
200
172
200
200
54
113
200
101
136
200
131
200
200
200
159
200
116
200
169
200
200
66
200
200
200
200
200
145
137
173
200
200
115
200
28
200
200
200
68
200
200
200
52
143
200
70
54
107
70
200
97
153
200
184
103
200
48
108
142
58
51
149
200
200
200
88
114
105
200
200
200
199
200
200
200
200
200
102
200
126
200
200
200
200
123
38
200
200
200
200
200
200
200
177
200
200
200
200
200
103
200
200
200
200
58
200
200
200
