200
168
200
200
192
200
200
200
200
200
200
200
200
200
200
200
200
200
200
200
200
137
200
200
200
200
200
200
200
200
34
200
101
200
200
200
200
50
200
200
148
111
200
41
200
141
200
168
200
200
200
103
200
113
176
85
99
168
100
114
69
191
141
77
41
80
27
104
79
200
200
200
69
44
200
166
200
113
145
200
200
101
156
200
200
200
58
62
200
200
200
112
98
35
200
189
45
53
200
77
200
200
200
200
56
157
200
51
88
200
60
190
61
85
27
89
79
79
30
57
200
72
16
81
82
200
49
72
113
186
60
60
40
96
200
72
167
57
77
134
74
118
43
139
42
62
43
65
76
68
