200
172
200
200
200
200
58
200
200
200
200
200
200
200
200
200
200
200
200
200
95
200
200
200
47
200
200
200
46
200
200
200
200
117
200
160
74
200
200
200
200
200
200
174
200
200
200
200
200
200
38
200
200
200
200
60
200
200
199
200
200
169
200
125
150
181
138
200
200
90
200
200
200
200
82
200
60
102
170
126
65
200
71
200
102
66
70
200
48
200
200
71
129
50
142
176
52
200
121
195
137
88
61
25
25
200
200
48
78
200
106
130
200
26
79
200
200
190
99
200
200
70
152
132
114
40
200
200
200
166
200
188
68
116
200
117
186
200
52
79
200
200
200
107
200
154
200
134
198
200
