200
200
37
116
200
200
200
200
80
126
200
200
200
103
69
97
200
72
111
193
65
84
85
200
83
70
200
124
200
200
111
200
18
200
123
200
67
80
146
200
200
200
16
200
87
200
93
200
57
200
20
147
200
66
90
28
83
200
200
53
200
142
200
200
50
200
200
200
55
200
200
83
200
183
200
98
142
111
66
41
114
135
84
200
17
93
91
189
200
101
99
200
97
194
200
200
127
200
136
72
115
32
196
95
34
116
200
29
105
16
15
47
18
54
24
55
40
76
141
53
116
133
140
200
185
200
27
40
125
147
39
48
103
79
114
84
200
29
108
121
38
71
200
93
59
37
101
50
75
180
