200
114
95
200
200
176
200
200
200
200
144
200
187
200
200
200
32
200
200
65
200
200
200
166
200
200
200
139
200
200
130
98
19
200
145
40
50
179
80
132
200
68
200
200
176
69
200
200
104
200
200
200
200
200
59
186
200
200
111
200
140
73
200
95
200
163
78
72
155
147
200
121
200
84
200
61
200
91
167
200
187
123
69
200
200
200
54
200
194
128
121
200
33
26
62
53
200
42
191
57
72
115
129
200
109
92
200
39
99
94
101
58
200
67
66
200
165
186
144
200
64
200
200
200
200
97
123
72
200
200
66
166
200
200
200
200
200
55
75
47
200
61
124
83
174
200
74
83
67
26
