200
200
200
200
197
136
200
200
53
200
133
142
200
157
200
200
200
179
200
99
94
183
122
49
185
97
200
126
200
200
55
107
165
197
43
147
145
62
200
182
28
133
103
200
161
200
61
82
32
200
35
200
107
200
55
61
133
200
200
200
200
200
104
200
200
71
82
96
155
200
200
145
187
200
200
57
67
118
200
176
161
104
66
174
200
200
29
102
150
37
59
200
22
125
68
57
54
200
99
110
200
47
41
92
200
66
58
60
31
42
32
128
98
25
114
133
27
135
44
87
158
79
36
37
186
146
24
68
164
19
200
183
31
12
200
68
115
56
91
200
22
27
44
132
200
20
40
200
200
56
