200
200
190
140
200
200
200
49
160
200
83
200
200
177
35
178
131
200
71
191
200
200
152
70
15
200
123
172
174
33
145
45
44
39
37
200
95
64
157
45
162
200
107
122
19
200
33
200
152
170
133
101
70
122
67
161
110
200
28
52
200
67
66
125
200
54
173
98
131
200
200
29
193
25
200
42
99
200
106
81
91
174
186
73
200
200
65
52
45
200
200
172
42
64
136
98
200
36
49
31
92
143
56
33
91
53
80
72
161
137
55
200
200
51
51
77
200
79
142
200
200
200
50
200
200
81
200
19
64
129
200
39
103
23
144
58
88
200
26
23
151
85
200
200
49
98
73
200
200
157
