99
200
200
200
67
200
200
200
200
56
200
200
180
186
200
83
200
200
164
200
25
120
200
200
200
48
200
200
200
200
200
80
200
200
57
166
200
39
75
200
200
35
26
200
72
200
46
15
35
87
200
126
200
200
118
81
200
200
200
200
73
20
200
44
90
183
82
200
200
200
84
200
200
147
42
81
162
142
42
103
30
141
99
200
36
40
78
52
35
110
200
92
46
55
154
152
34
40
16
75
196
22
52
66
25
20
33
22
17
47
90
73
50
32
47
47
126
129
110
28
38
110
42
105
79
168
126
80
58
134
111
29
29
37
84
15
200
19
95
57
161
100
86
89
200
200
33
46
200
175
