200
200
40
41
200
200
97
184
122
168
200
146
57
125
100
200
200
49
200
29
65
54
200
200
200
200
200
37
200
200
200
59
200
60
200
200
200
75
139
112
69
119
27
200
44
82
74
85
200
40
76
167
35
50
148
161
200
27
200
30
92
51
39
200
200
56
200
104
200
22
54
200
47
59
200
130
38
200
174
200
42
200
87
156
13
200
200
109
44
38
144
60
59
200
129
73
35
26
200
200
71
63
64
81
136
55
133
200
26
119
104
63
127
27
141
43
82
15
56
32
197
90
152
11
107
200
23
25
200
44
100
44
90
25
116
117
83
51
29
104
78
147
61
20
200
145
65
54
29
38
