170
200
30
200
200
75
151
200
200
101
72
200
176
92
54
200
161
54
19
122
200
90
200
123
161
200
200
175
200
200
200
200
30
200
200
200
198
200
200
197
200
200
41
35
82
150
200
87
165
156
165
111
17
96
172
126
200
71
45
178
41
200
147
200
195
40
44
25
181
65
69
36
104
142
73
66
104
57
131
45
31
152
53
95
60
200
163
200
67
22
33
51
117
21
68
63
151
63
82
51
98
50
33
35
100
59
71
18
200
44
164
200
29
69
84
75
52
177
25
31
200
61
200
35
24
55
78
78
71
200
21
51
107
73
171
22
78
92
114
200
130
15
24
16
129
89
108
12
38
52
