200
200
200
200
200
132
200
200
200
200
133
200
200
200
200
200
200
200
200
200
200
200
200
200
200
200
200
200
200
200
200
200
200
200
133
200
200
93
146
200
200
185
163
150
107
200
79
50
200
200
87
157
200
200
200
55
94
82
56
200
61
26
166
90
200
179
137
77
196
200
200
200
200
45
171
20
200
200
200
143
33
90
200
20
124
101
68
200
83
200
200
200
200
200
68
134
200
61
186
200
96
200
200
200
200
88
200
187
36
200
109
64
55
200
50
200
31
72
200
28
200
200
200
200
87
200
64
163
200
92
142
36
146
200
115
150
150
128
124
200
200
63
200
200
84
98
150
70
28
200
