200
144
95
200
200
200
200
200
200
200
200
200
134
200
200
200
200
200
200
126
106
190
77
125
200
200
200
194
200
52
70
200
128
200
200
82
91
72
75
102
57
170
200
69
143
200
99
43
200
72
189
200
75
200
141
44
99
115
47
200
72
101
99
113
18
42
17
40
93
79
48
200
200
200
48
200
24
30
200
125
200
68
54
200
200
181
166
31
69
162
200
123
200
200
200
200
55
200
200
200
117
200
50
104
136
35
97
89
49
200
38
119
126
163
200
95
200
200
160
88
181
61
146
121
42
84
97
59
28
200
90
84
125
135
96
32
111
200
77
54
200
53
200
200
106
67
99
200
109
37
