200
139
200
158
160
200
200
200
96
180
200
200
200
155
200
200
200
200
200
200
198
200
200
200
122
151
17
200
161
94
114
200
200
200
200
200
200
200
200
113
121
200
200
200
200
118
60
200
71
91
69
98
200
91
200
200
82
120
159
89
200
200
87
75
62
111
58
200
200
88
115
200
136
183
200
200
200
115
134
200
200
80
200
200
45
121
200
165
200
134
170
120
200
88
162
200
86
66
75
200
80
200
77
162
200
76
48
136
200
94
200
162
200
140
196
74
200
168
118
152
200
72
200
68
67
48
94
169
41
200
84
20
200
200
130
200
119
37
48
173
43
133
200
200
180
177
200
200
108
167
