200
200
200
200
96
200
200
200
200
122
149
199
200
146
114
49
200
145
200
200
200
200
200
200
165
200
159
200
200
162
167
29
200
150
200
200
200
200
46
200
200
200
36
79
136
42
200
85
186
50
143
54
200
158
200
102
200
22
136
200
200
200
200
160
48
89
51
37
200
200
200
200
162
187
200
200
194
200
88
200
200
128
200
150
122
200
200
85
200
64
200
89
200
167
200
106
200
200
74
40
41
200
200
200
200
27
200
200
200
200
200
23
125
200
200
109
25
200
200
135
200
147
180
34
121
93
130
104
200
200
165
96
39
99
128
200
155
39
67
89
49
82
86
189
37
149
200
200
163
91
