200
200
200
200
200
96
90
200
200
200
200
200
200
200
200
200
200
200
200
200
127
200
200
200
200
200
189
186
161
200
162
200
200
188
200
85
200
200
200
200
136
81
160
105
200
200
200
100
200
200
115
200
200
200
200
200
200
89
200
200
200
181
200
200
200
200
200
200
103
200
166
149
200
200
200
200
126
200
28
200
200
119
170
200
200
183
200
200
200
200
200
118
104
200
200
49
40
37
200
71
152
116
169
200
83
147
45
58
200
134
200
200
65
50
200
200
119
200
200
200
174
200
99
89
200
200
52
54
173
132
121
56
138
200
67
132
200
71
127
62
93
176
21
120
19
200
78
63
200
200
