200
200
200
189
200
150
200
200
67
200
200
143
78
142
200
200
200
30
59
111
200
200
200
200
200
200
200
200
123
65
21
200
90
118
79
200
194
200
200
82
182
125
159
95
200
200
108
200
160
200
200
148
200
29
200
120
77
200
200
114
200
49
63
21
194
200
200
200
200
148
133
51
105
146
200
200
48
167
200
200
200
156
160
200
79
144
200
28
191
110
138
200
200
200
131
143
42
81
106
102
199
122
64
200
183
191
87
163
200
32
106
31
98
88
57
16
150
64
97
63
159
108
200
51
59
60
26
200
146
31
59
57
72
94
59
120
149
200
200
39
144
38
41
61
118
155
116
37
46
73
