200
200
200
158
200
200
182
58
200
200
200
200
156
200
184
200
165
200
51
72
92
86
171
200
200
143
200
200
200
17
200
99
27
134
58
73
200
200
47
115
80
103
200
87
14
65
18
200
53
79
200
200
156
200
59
68
52
200
34
28
22
100
54
23
200
200
40
185
200
38
127
50
72
82
70
172
107
78
68
49
11
132
200
200
69
49
29
72
141
129
200
33
70
111
200
200
47
87
137
200
200
123
44
28
44
11
200
200
14
29
65
158
200
101
36
200
143
22
16
170
44
30
46
165
35
16
67
200
186
33
16
200
103
88
18
16
14
117
164
200
27
25
103
91
107
23
39
21
70
38
