200
200
200
200
122
200
178
151
200
200
200
200
200
48
200
200
200
76
95
78
129
172
200
200
36
200
164
200
76
200
144
74
92
200
58
60
47
200
104
139
131
200
200
83
159
117
74
200
43
115
200
33
200
200
67
102
200
109
200
200
35
119
112
200
75
127
88
88
147
150
40
200
200
78
181
171
62
63
61
193
169
164
54
80
83
39
200
70
43
200
200
71
78
70
86
42
192
143
200
98
46
126
200
200
88
191
50
195
72
200
35
197
166
130
108
46
19
128
18
141
55
200
172
200
58
200
40
200
43
83
191
200
61
31
88
113
116
186
75
14
92
200
69
66
80
121
81
105
46
44
