200
200
200
200
200
200
86
200
200
21
200
200
200
200
200
76
102
129
107
200
68
200
180
133
151
200
133
112
79
200
200
133
75
180
200
63
200
200
200
57
53
85
53
47
200
28
107
11
91
73
200
200
200
116
190
94
51
200
14
97
200
160
200
46
200
200
103
41
60
56
175
30
15
112
49
132
31
82
91
140
173
47
58
34
9
82
78
64
14
119
48
15
175
159
58
27
88
35
41
164
27
21
36
100
143
14
19
56
27
34
37
48
44
63
58
114
59
26
21
41
200
29
54
39
24
41
54
102
93
143
59
15
21
32
25
19
37
43
102
14
72
70
80
140
138
16
32
19
140
81
