200
200
200
200
200
200
200
42
200
93
197
200
200
102
200
200
152
73
200
132
111
31
200
51
200
142
200
200
82
109
129
149
200
37
106
200
162
64
51
31
200
124
27
43
22
25
101
200
200
37
65
162
41
200
200
70
140
32
200
200
114
45
140
29
200
37
200
191
200
57
49
72
200
178
78
19
50
127
127
178
169
142
63
54
200
49
32
95
15
56
200
111
26
159
39
10
75
70
21
200
147
200
75
200
143
142
56
62
124
200
40
57
65
200
88
36
39
32
79
200
48
173
142
34
102
19
12
94
200
37
45
83
200
138
13
76
200
92
58
69
200
18
200
88
26
39
103
25
61
65
