200
200
200
200
200
200
200
23
200
200
31
200
200
90
123
58
200
200
98
33
146
200
124
200
200
200
200
200
200
74
200
200
194
122
108
200
134
200
200
141
105
200
200
36
200
200
82
65
117
62
200
76
115
194
200
200
200
28
112
200
192
83
155
146
24
15
117
52
50
200
120
43
59
200
200
39
57
200
187
60
136
52
200
61
194
142
135
200
200
14
88
32
200
175
200
200
58
56
73
172
74
124
143
16
200
174
167
133
156
179
185
99
136
45
89
37
200
200
200
43
76
200
27
115
200
70
20
200
200
40
67
170
121
95
26
153
116
90
100
42
109
60
67
184
41
165
64
16
200
60
