144
200
200
200
26
62
26
200
200
147
200
200
200
200
200
200
200
140
200
176
24
200
200
200
173
200
200
173
200
200
200
200
96
200
200
174
200
35
200
200
153
200
200
152
166
200
82
200
200
200
111
124
98
200
200
143
200
126
200
95
200
80
200
200
62
115
86
200
28
200
126
88
200
200
86
200
200
125
200
28
121
119
155
66
200
136
200
47
200
200
196
200
200
200
57
200
200
200
41
200
125
200
200
200
200
58
200
38
54
174
97
200
80
67
200
200
200
103
92
95
36
126
200
89
62
124
200
200
134
200
24
30
80
99
167
85
175
200
67
172
43
200
74
131
42
140
169
200
163
55
