200
200
200
200
200
115
200
200
200
200
150
200
80
174
200
200
200
200
200
200
150
96
156
81
200
62
200
167
200
65
164
200
200
43
168
200
68
85
54
122
83
58
134
200
77
139
92
96
60
45
59
65
162
104
70
24
200
20
190
67
200
23
37
200
33
109
200
23
28
53
187
20
174
32
13
39
98
153
57
50
13
184
59
61
14
42
52
28
46
53
53
45
32
15
46
50
41
140
15
28
21
98
56
13
39
15
16
56
78
92
32
84
27
118
47
163
74
58
29
62
33
31
60
37
35
200
22
38
75
37
49
146
26
36
57
64
46
58
21
41
149
43
64
133
18
17
28
57
37
56
