200
200
200
200
101
200
200
18
112
200
200
200
145
200
33
156
177
99
133
200
200
200
200
141
200
23
71
200
200
88
57
200
181
39
200
121
14
200
200
200
200
186
87
34
119
200
89
48
200
93
166
200
200
200
66
97
93
74
103
45
175
200
135
55
20
200
27
19
190
27
173
200
200
200
200
38
57
74
83
78
200
141
200
16
62
111
200
36
200
53
70
74
73
200
74
134
200
75
200
178
90
200
200
52
34
150
200
131
24
56
42
200
29
74
90
43
57
108
200
62
128
200
200
114
78
66
53
173
41
200
74
200
62
100
123
196
118
200
96
59
111
199
99
94
200
64
58
151
66
18
