199
200
141
200
98
200
200
200
78
66
90
200
79
200
129
55
75
154
172
76
72
195
200
200
200
82
54
98
128
72
28
96
156
200
120
167
66
185
39
152
200
200
34
200
200
176
104
200
177
71
153
74
200
99
177
200
170
82
42
114
131
68
119
62
71
144
200
200
200
28
33
75
82
109
200
71
200
79
200
168
68
60
36
84
73
61
170
200
153
159
200
200
37
200
15
186
62
179
25
90
113
72
200
118
200
69
173
127
76
56
19
70
54
200
39
193
159
21
173
95
64
67
86
29
200
12
24
200
51
36
31
200
112
34
75
200
36
12
103
200
120
23
86
77
200
18
102
42
83
25
