200
200
103
200
200
200
200
200
200
200
103
200
108
200
200
124
200
122
114
184
162
183
123
87
200
103
200
200
71
144
43
200
200
37
139
158
38
51
159
200
71
162
61
96
155
106
73
73
92
43
200
154
35
200
98
200
110
200
122
93
44
200
88
97
111
160
101
163
96
65
149
127
37
82
200
63
75
71
89
138
60
44
89
108
41
200
65
79
31
61
200
65
200
89
52
34
119
37
97
61
28
104
97
48
200
60
78
140
106
29
145
70
41
94
159
30
40
76
42
56
38
24
34
47
95
44
49
22
46
63
62
45
45
66
62
40
30
72
80
43
98
200
25
58
25
52
39
48
54
24
