200
200
99
85
200
200
106
200
200
200
200
124
200
200
200
200
119
200
200
149
119
175
200
200
20
200
50
200
152
195
87
200
94
200
200
148
191
172
200
189
81
18
151
129
111
66
160
43
128
130
200
82
102
200
99
200
200
200
76
132
200
66
88
200
200
66
40
79
43
200
63
121
86
200
102
34
200
110
130
200
44
125
200
50
17
149
200
200
58
41
200
200
131
193
44
200
200
162
75
25
200
200
147
15
38
70
51
192
200
200
45
33
35
81
152
157
23
200
139
200
56
142
55
58
120
47
52
51
54
127
56
200
58
154
73
123
67
84
84
78
78
140
75
156
200
84
66
171
56
36
