101
200
119
200
107
200
180
200
200
200
44
200
200
91
39
119
101
200
67
47
200
36
175
200
122
200
65
144
200
112
200
88
80
200
200
128
101
200
105
200
62
200
122
106
200
75
98
160
122
200
200
80
108
125
147
155
200
200
33
14
62
200
154
163
118
82
121
123
200
68
200
138
91
200
28
101
160
88
157
38
140
200
200
23
113
126
107
61
90
113
23
72
37
51
73
54
200
73
91
37
200
108
200
91
183
129
55
200
150
142
125
64
200
43
200
54
92
193
200
67
138
101
96
117
45
30
125
113
90
61
30
36
55
120
31
200
42
39
130
52
31
70
47
200
49
99
98
35
60
56
