200
146
200
200
200
200
112
200
200
144
200
200
200
200
200
200
200
200
200
200
200
180
200
200
200
200
200
200
200
200
200
200
200
200
200
200
200
200
200
200
200
200
114
200
200
200
200
200
200
200
186
89
200
200
200
200
200
200
200
200
200
200
200
132
200
200
165
200
200
200
200
200
200
151
200
200
111
178
89
200
200
200
200
200
200
200
200
200
200
200
200
184
200
200
200
107
200
200
102
200
45
200
68
200
200
200
74
200
200
200
161
48
148
44
79
50
20
102
200
200
78
20
200
200
200
42
200
142
90
200
103
200
102
200
200
52
200
200
52
89
97
101
102
200
200
200
200
200
89
200
