200
200
200
115
200
158
190
52
200
200
200
200
118
200
62
200
200
200
200
65
200
104
97
200
133
162
200
79
200
200
200
141
59
62
200
75
93
200
183
83
119
134
77
151
99
92
105
86
61
110
45
67
36
80
60
67
76
127
62
27
35
88
59
11
39
82
71
57
25
51
62
108
12
200
47
19
9
44
19
145
164
19
106
169
119
57
85
11
45
43
57
54
69
11
32
25
27
56
32
97
100
125
12
100
50
149
17
32
84
85
97
53
140
179
46
30
200
47
36
17
33
64
27
99
33
82
53
55
48
89
60
97
20
63
26
70
21
97
23
43
17
102
32
37
47
21
68
21
59
172
