93
200
97
191
200
200
200
200
200
200
76
103
200
24
200
103
200
200
200
144
200
200
200
110
200
131
81
200
200
200
114
200
200
93
200
45
76
70
200
200
116
132
200
104
94
107
136
24
200
70
52
200
200
106
200
42
193
74
116
200
181
110
146
200
200
200
200
122
200
51
200
122
76
200
168
69
200
156
200
34
200
200
200
89
200
200
200
77
92
145
27
158
90
200
71
194
200
200
37
142
200
16
100
54
155
96
186
200
200
176
121
200
24
200
50
69
76
160
170
200
34
119
15
102
200
87
76
66
15
89
94
72
59
200
200
25
200
56
137
112
113
126
200
132
96
200
187
56
58
17
