200
200
200
200
200
200
200
200
200
200
200
200
200
200
200
200
200
200
200
200
200
200
200
144
200
200
104
200
200
33
101
85
200
145
200
200
200
61
124
200
81
141
200
200
200
200
200
138
200
200
200
200
200
200
200
200
200
200
200
200
200
200
200
200
200
187
200
91
200
153
200
200
200
194
200
114
200
200
169
96
108
200
200
200
200
151
200
155
200
71
200
200
200
103
200
200
200
74
200
200
200
200
106
200
91
189
184
200
200
55
138
200
124
97
135
200
200
102
151
167
103
49
200
132
89
169
66
61
141
195
106
79
97
172
109
200
200
134
100
189
200
47
200
148
129
163
57
45
61
196
