200
200
200
200
200
200
200
200
200
200
132
200
200
60
155
200
184
200
151
200
200
32
86
196
200
110
57
74
200
66
37
139
195
77
42
126
200
77
35
115
200
200
200
98
200
200
200
200
12
200
200
200
88
72
140
165
80
200
150
200
125
71
54
110
42
39
55
22
106
43
59
65
51
117
51
88
73
81
88
200
36
83
200
16
69
17
93
22
24
37
67
85
45
65
33
77
72
51
17
15
95
49
47
27
45
105
123
61
17
123
10
108
120
56
57
200
136
13
146
186
47
131
200
200
94
13
82
26
55
47
60
12
96
63
90
57
64
48
50
96
93
14
40
81
200
21
22
200
42
107
