200
200
200
200
200
200
102
200
200
200
200
200
149
200
200
200
200
200
200
200
200
200
200
200
200
200
200
200
200
200
200
117
174
200
200
200
200
200
200
200
200
200
200
200
200
200
200
200
200
200
200
200
200
200
200
200
200
200
200
127
200
200
200
169
200
200
200
200
135
200
170
200
200
200
177
142
200
44
174
179
200
200
200
200
200
72
169
200
200
200
200
200
200
200
200
200
200
200
200
200
200
200
200
200
200
154
200
200
200
200
175
200
200
200
166
138
200
200
200
85
47
200
200
66
200
116
64
200
200
200
158
200
200
200
200
43
34
200
200
200
200
115
157
127
200
200
200
200
200
200
