200
200
200
200
200
200
200
200
142
119
200
108
40
200
200
200
51
200
99
200
37
200
148
200
200
200
200
200
200
89
157
200
68
155
106
43
199
200
200
24
86
200
88
200
43
32
200
134
115
87
200
12
44
84
200
180
200
29
183
200
62
200
102
42
200
200
103
200
200
200
45
200
200
81
92
37
63
64
71
68
200
200
200
200
51
200
27
200
71
60
122
199
200
135
200
183
99
94
28
40
15
200
200
77
71
11
200
200
200
200
110
200
57
42
54
67
200
16
34
200
19
81
20
70
83
140
167
34
57
152
17
68
200
102
162
35
108
95
142
200
200
57
165
200
167
84
47
200
124
54
