200
200
200
200
200
200
200
183
200
200
200
50
200
190
166
71
74
106
49
200
156
58
200
44
200
183
200
200
48
200
155
45
173
54
35
110
143
20
67
200
81
167
72
110
200
101
95
153
105
87
72
58
24
96
69
119
80
90
200
43
33
147
184
192
162
49
33
101
90
18
86
15
36
13
57
104
74
52
56
127
31
32
49
54
48
24
200
26
22
79
200
65
40
65
200
146
35
53
35
25
41
195
52
22
28
13
83
200
200
33
82
24
200
24
40
186
41
56
108
27
56
200
66
200
27
138
32
11
36
43
26
45
36
67
129
73
61
40
60
32
96
198
122
109
135
200
48
44
33
200
