200
200
200
200
200
200
200
200
200
200
200
200
200
200
200
200
200
200
200
200
200
200
200
200
200
200
200
200
200
200
200
200
200
200
200
200
200
200
200
200
200
200
200
200
200
200
200
200
200
200
200
200
200
200
190
89
200
200
200
200
200
200
192
200
200
200
200
200
200
200
200
200
200
200
49
200
178
200
200
200
200
200
200
200
200
200
200
200
200
200
200
200
200
100
200
200
200
70
200
200
200
200
200
200
200
168
200
200
200
200
200
200
200
200
200
200
200
200
200
200
200
200
200
200
200
200
125
60
200
200
200
200
41
116
126
147
200
200
200
200
200
200
200
200
200
200
200
79
200
200
