200
154
200
149
200
129
200
200
121
140
179
200
169
99
100
67
107
200
176
129
64
200
159
200
96
200
82
38
44
132
40
56
50
52
142
51
200
44
196
102
177
200
200
200
200
200
96
60
52
200
115
79
53
41
38
200
172
45
186
121
167
44
200
168
170
200
60
200
96
116
77
76
81
200
191
200
200
55
200
199
91
200
29
78
86
115
38
91
61
45
89
90
30
200
142
40
156
21
72
45
200
61
171
108
72
39
200
75
40
109
32
195
68
30
164
63
161
66
81
78
159
88
45
31
109
74
126
200
177
42
200
48
89
37
24
111
21
80
64
52
40
54
95
84
40
52
77
27
94
68
