183
200
163
200
200
148
97
200
67
190
126
109
200
105
111
200
200
200
200
100
90
200
104
80
175
113
40
177
200
50
40
70
84
16
52
200
161
88
48
62
48
184
57
200
14
52
129
112
47
60
118
91
53
81
128
200
200
151
26
200
191
34
28
109
26
200
64
125
40
38
200
118
200
123
30
158
141
73
158
82
59
67
56
23
59
86
89
94
63
27
33
17
97
56
22
36
164
85
152
111
40
41
16
77
120
24
39
91
33
136
60
45
31
47
29
52
87
45
17
16
32
34
117
98
119
41
86
53
26
122
20
29
192
53
77
41
162
42
77
43
28
17
200
76
97
89
30
24
43
200
