146
200
200
90
146
200
129
200
168
105
88
200
200
199
200
95
102
200
200
200
200
164
200
200
171
65
185
200
200
200
73
52
83
48
127
62
200
82
178
34
200
57
60
61
49
72
78
73
105
45
37
66
31
116
44
200
200
47
39
29
17
21
29
54
120
33
51
110
76
54
197
15
31
84
171
165
20
200
200
41
91
47
38
97
54
115
200
106
29
49
11
9
33
200
105
90
157
33
118
23
35
158
21
63
12
27
63
11
104
14
37
68
35
16
145
23
110
86
24
59
62
59
70
20
97
53
16
90
52
111
88
74
131
46
46
42
47
79
141
30
40
50
94
52
34
65
95
99
18
12
