198
200
118
200
177
25
175
32
63
200
200
200
200
126
200
200
200
200
163
51
200
15
200
200
200
200
200
178
130
200
200
63
200
40
107
27
200
179
65
191
200
200
86
200
200
149
200
200
184
60
134
150
150
57
200
200
200
134
154
200
40
200
200
200
158
200
200
159
200
200
200
81
119
196
200
200
180
60
164
48
200
73
149
200
200
200
200
103
50
32
200
200
61
200
200
11
32
200
200
200
100
161
200
53
200
200
191
200
200
200
200
200
69
200
200
200
111
200
89
119
200
200
63
200
200
200
200
130
102
200
67
200
100
155
129
200
200
27
155
174
145
58
41
56
200
200
200
200
94
200
