200
200
200
200
200
200
200
200
123
200
200
76
200
200
200
53
200
200
200
112
200
200
200
200
200
200
185
200
54
200
103
200
200
200
141
40
22
140
191
200
200
200
95
184
200
200
200
200
58
200
63
20
200
200
200
105
83
200
26
44
17
127
100
88
200
75
110
89
200
200
200
200
200
200
200
200
83
40
64
200
101
200
200
200
46
200
50
200
200
37
37
90
200
197
150
200
77
200
95
200
128
200
200
16
200
200
100
200
200
200
200
200
200
200
200
200
200
200
200
200
200
186
200
134
182
52
176
193
200
121
16
200
200
156
200
136
87
200
30
63
157
121
200
41
200
200
200
200
200
200
