159
200
113
200
45
168
200
200
200
200
200
200
167
200
200
63
200
188
200
186
68
200
200
200
200
200
200
200
200
200
200
158
116
200
178
136
136
139
200
200
200
200
189
175
200
200
200
200
200
68
200
200
13
196
100
200
200
200
200
200
200
200
200
177
200
200
200
200
200
200
200
200
200
200
200
200
200
200
200
200
200
200
200
200
200
159
200
200
200
200
200
200
200
40
200
200
200
200
200
200
200
200
200
200
200
200
200
200
200
200
200
200
200
200
200
200
200
200
200
200
200
200
200
200
200
200
17
200
200
200
200
200
200
45
200
200
200
200
200
200
200
200
200
200
200
200
200
200
200
200
