136
101
200
200
200
200
78
200
200
200
200
160
200
200
200
200
32
200
200
23
200
200
200
200
200
200
200
200
48
68
190
125
200
128
90
61
200
200
156
200
200
200
200
197
200
200
120
200
200
200
200
76
200
200
200
200
200
200
183
200
200
200
200
200
200
200
200
200
200
156
200
200
200
200
200
200
200
200
200
200
200
200
200
200
200
200
200
200
200
200
200
184
200
200
200
200
200
200
200
200
200
200
200
200
200
200
200
200
200
200
200
200
200
200
200
18
200
200
200
200
76
200
200
200
200
200
200
200
200
200
200
200
200
200
200
200
200
200
200
200
200
200
200
200
200
200
200
200
200
200
