200
200
69
200
200
200
200
200
200
200
200
200
200
200
200
200
200
77
158
200
66
200
161
200
142
200
200
200
94
37
130
80
200
65
200
173
200
75
189
167
200
200
200
200
200
200
200
82
163
61
150
200
200
124
194
200
89
200
118
200
200
200
71
100
200
200
144
200
200
200
200
95
176
200
200
160
200
200
200
200
200
200
200
200
113
158
55
200
200
200
185
161
128
134
159
200
200
78
200
117
200
170
200
200
200
33
200
200
173
200
200
107
200
62
200
200
200
110
145
200
200
155
200
200
179
200
200
200
200
28
200
39
200
200
200
101
200
200
200
200
98
200
92
200
200
200
137
154
200
200
