200
200
114
200
200
200
200
200
200
200
200
200
200
200
200
200
200
200
200
200
200
200
200
200
200
200
200
200
200
200
200
200
200
200
200
200
200
200
200
200
200
200
200
200
200
200
200
200
200
200
200
200
200
200
200
200
200
200
200
200
200
165
200
200
200
200
200
200
200
200
200
200
200
200
200
200
200
200
200
200
85
200
200
200
200
200
200
200
200
200
200
200
200
200
200
200
200
138
182
200
200
200
200
200
119
200
200
200
200
200
200
200
200
200
200
200
200
200
200
200
200
200
200
200
200
200
200
200
200
200
200
200
200
200
200
200
200
200
200
200
200
200
200
200
200
200
200
200
200
200
