200
200
200
200
200
200
200
200
200
200
200
200
200
200
200
200
200
200
181
200
200
200
200
90
200
187
200
170
200
200
200
68
200
59
80
200
104
170
200
200
55
80
200
200
200
200
200
200
200
177
95
200
200
200
200
115
146
42
157
37
101
173
200
125
106
200
200
200
200
200
200
200
200
200
200
200
200
200
200
200
200
200
200
200
200
200
200
200
200
200
200
200
200
200
200
200
200
200
200
200
200
200
200
200
200
200
200
200
200
200
200
200
200
200
200
200
200
200
200
200
200
200
200
200
200
200
200
200
200
200
200
200
200
200
200
200
200
200
200
200
200
200
200
200
200
200
200
200
200
200
