200
200
99
200
179
60
200
132
128
200
200
200
200
200
68
200
169
200
200
108
165
54
103
200
200
200
200
200
200
200
200
200
200
200
200
200
200
200
200
105
200
200
200
200
200
200
200
200
200
200
200
200
200
27
200
200
200
200
200
200
200
200
200
200
200
25
200
200
200
200
200
200
18
200
200
200
200
200
200
200
200
200
200
200
200
44
200
200
200
200
200
200
200
200
200
200
200
49
200
200
200
200
200
200
11
200
200
200
200
200
200
200
200
200
200
200
200
200
200
200
200
200
200
200
200
200
200
200
200
200
200
200
200
200
200
200
200
200
200
200
200
200
200
200
200
200
200
200
200
200
