200
200
200
200
179
119
51
200
60
200
200
200
80
200
163
81
200
200
176
200
200
120
71
94
115
200
200
200
131
106
125
200
59
200
183
200
51
200
174
200
200
200
200
200
200
200
200
200
200
200
200
200
82
200
200
200
200
200
200
200
200
200
200
200
200
200
200
200
200
200
200
200
200
200
200
200
200
200
200
200
200
200
200
200
200
200
200
200
200
200
200
200
200
200
200
200
200
200
200
200
200
200
200
200
200
200
200
66
200
200
200
200
200
200
200
200
33
200
200
200
200
200
200
200
200
200
200
200
200
200
200
200
200
200
200
200
200
200
200
200
200
168
200
37
200
200
200
146
200
200
