200
200
200
200
200
200
130
200
108
200
200
200
200
200
200
200
200
200
78
200
200
200
200
200
200
200
200
200
64
200
200
200
200
106
200
200
200
200
200
111
200
200
200
200
56
200
200
200
200
200
200
200
200
200
200
200
200
200
200
200
200
200
118
200
200
200
66
97
200
28
200
113
200
200
200
200
83
200
146
106
85
65
48
200
200
200
200
200
200
200
69
200
200
200
200
200
200
200
200
29
143
200
200
200
200
200
200
200
157
200
200
200
200
200
200
200
200
200
200
200
122
200
61
200
196
200
200
200
200
200
200
200
200
200
200
200
200
200
200
200
200
200
200
200
200
200
200
200
200
200
