200
200
200
200
200
200
200
200
200
200
200
200
200
200
200
200
200
200
200
200
200
200
38
200
200
200
200
200
200
200
200
58
200
128
149
200
200
108
200
200
200
200
200
200
200
200
158
183
200
200
200
61
200
200
200
120
90
200
98
104
191
200
200
102
200
112
200
200
200
121
200
200
174
195
35
139
193
91
128
75
200
109
196
131
26
159
43
200
53
200
123
200
200
200
131
72
175
200
100
31
200
34
77
79
164
63
74
62
60
24
73
34
176
107
42
200
82
28
132
200
187
200
42
200
200
145
103
200
47
91
200
95
172
33
200
39
178
86
38
46
76
18
57
149
200
200
65
200
93
137
