200
200
200
200
200
200
200
200
200
200
200
200
200
200
200
200
200
200
200
200
200
200
172
168
200
200
200
200
66
200
200
130
200
174
100
200
200
200
200
200
140
200
174
124
200
200
200
200
56
200
178
200
200
200
200
200
200
141
200
200
200
200
200
200
200
69
200
200
200
68
200
200
200
200
200
144
200
200
200
200
200
200
200
200
194
56
95
200
200
200
200
200
200
200
200
140
200
200
200
61
123
200
200
200
200
200
200
200
200
200
200
200
200
51
200
200
200
200
200
200
181
200
200
200
33
200
200
200
200
200
200
200
200
200
200
200
200
200
200
200
200
200
200
200
200
129
200
200
200
76
