200
200
200
200
200
200
200
200
200
200
200
200
200
92
200
200
200
102
200
200
200
200
200
200
200
200
200
200
200
200
200
200
200
200
200
200
200
200
200
200
200
200
200
200
200
200
200
200
200
200
200
200
200
200
200
200
200
200
200
200
200
53
200
200
200
200
56
200
200
200
200
200
200
124
200
200
200
200
200
200
200
200
182
200
200
200
193
200
28
50
130
200
200
98
200
38
181
108
113
60
110
64
49
110
54
53
65
29
117
35
35
47
75
19
30
55
27
40
74
29
32
36
74
36
15
76
33
51
38
109
50
26
56
63
43
27
36
22
54
16
31
21
39
40
32
32
23
34
22
26
