200
200
169
200
200
200
200
74
200
200
200
82
200
56
73
88
200
200
200
66
200
200
17
200
83
77
200
70
200
200
200
200
200
200
200
200
200
200
200
200
200
31
200
200
200
200
17
22
200
200
200
200
200
200
200
200
200
31
200
200
200
200
200
200
200
200
200
200
200
200
41
73
200
200
200
25
9
200
200
34
53
24
12
31
14
200
92
200
200
200
200
200
26
45
29
200
200
200
55
200
58
200
78
19
21
200
200
200
200
200
41
200
200
200
15
200
27
200
200
33
38
200
200
35
200
12
55
19
200
200
200
200
24
71
24
40
24
200
200
50
13
200
200
200
200
200
200
200
200
21
