200
200
200
200
200
200
200
200
200
200
200
200
200
200
200
200
200
200
200
200
200
200
200
200
200
200
200
200
200
200
200
200
200
200
200
200
200
200
200
200
200
200
200
200
200
200
200
200
200
200
200
200
200
200
200
200
200
200
200
157
200
200
200
200
200
200
200
200
200
200
200
200
200
200
200
200
200
200
200
112
200
200
200
200
200
200
200
200
200
200
200
200
200
200
200
200
200
200
200
200
200
76
200
39
200
200
200
200
200
200
46
200
24
35
200
200
200
30
200
200
200
200
24
200
200
200
200
77
200
19
98
200
200
200
200
62
200
116
200
200
200
36
200
200
200
200
200
200
200
200
