200
200
200
162
200
109
164
77
200
200
34
200
200
200
200
200
200
200
200
200
200
200
200
200
200
200
200
200
200
61
200
200
200
200
128
200
200
200
200
39
200
200
200
200
200
200
200
200
200
200
200
200
200
200
200
200
200
21
200
200
200
200
200
200
45
200
200
200
63
200
200
200
200
200
200
200
200
200
200
34
200
47
200
200
200
200
200
200
200
200
200
200
200
200
200
200
200
200
200
200
200
200
200
200
200
200
200
200
200
200
200
200
38
200
200
200
13
200
200
200
200
200
200
200
200
200
200
200
200
200
200
200
200
200
17
200
200
200
24
20
200
200
200
200
200
23
200
200
200
200
