200
200
200
200
200
200
200
200
200
200
200
200
200
200
200
25
200
117
200
200
29
200
200
200
200
200
166
200
200
200
101
200
200
200
200
200
200
200
200
168
200
200
200
95
130
85
101
200
75
200
122
200
134
191
163
200
79
45
200
55
200
56
200
200
200
200
54
43
141
194
35
200
50
137
79
118
155
20
58
17
36
137
34
22
43
11
19
33
9
31
54
45
14
16
28
42
30
47
33
34
34
56
34
24
22
17
29
19
48
17
33
22
14
29
36
9
23
22
34
20
29
17
14
39
24
41
68
15
26
17
41
10
12
48
115
29
30
15
30
16
23
21
21
17
15
39
17
15
19
19
