200
200
200
200
200
200
200
200
200
200
200
200
200
200
200
200
200
200
200
200
200
200
200
200
200
200
200
200
200
200
200
200
200
200
200
200
200
200
200
200
200
200
200
200
200
200
200
200
200
200
200
200
200
200
200
200
200
200
200
200
200
200
200
200
200
200
200
200
200
200
200
200
200
200
200
200
200
200
200
200
200
200
200
200
200
200
44
42
51
200
200
46
69
32
24
36
32
90
29
30
36
19
34
35
17
50
43
32
14
19
70
15
39
71
14
16
20
16
18
41
30
23
20
32
36
17
13
31
13
19
27
27
50
30
24
24
39
21
16
20
17
15
17
43
31
73
14
14
15
16
