200
200
154
200
200
200
200
200
200
200
200
200
200
200
200
200
29
200
200
200
200
200
200
200
200
200
200
200
200
200
200
200
200
200
200
200
200
200
200
200
200
200
200
22
200
200
200
200
200
200
57
200
200
200
200
200
200
200
200
200
200
200
200
200
200
200
200
200
200
200
200
200
200
200
200
200
200
200
28
54
200
200
200
200
200
200
200
200
200
200
200
50
200
200
200
200
200
200
200
200
200
200
200
200
200
200
200
200
20
52
200
200
200
200
200
200
200
21
43
200
14
200
200
200
32
200
200
200
200
200
200
65
200
200
200
200
200
200
200
200
200
28
200
91
200
22
23
200
69
179
