200
200
200
200
200
111
200
200
85
155
200
200
94
200
179
200
200
200
48
200
200
200
138
76
42
200
22
43
200
200
158
200
50
101
191
200
200
125
19
159
200
76
96
153
62
70
123
200
200
199
200
94
200
179
21
146
153
200
200
33
200
187
171
200
171
200
200
22
172
38
175
200
46
200
67
200
51
68
49
171
43
72
200
67
200
52
92
200
200
37
140
103
79
200
29
29
200
41
176
119
67
122
200
200
106
183
200
184
200
200
159
80
162
108
200
34
77
57
17
200
200
171
161
73
72
32
98
167
35
126
34
26
31
159
21
194
54
35
105
34
161
78
200
170
97
50
200
168
185
192
