200
188
200
128
134
91
200
108
140
34
200
59
200
62
200
107
25
200
200
200
88
137
55
144
61
200
200
141
200
200
110
200
200
125
200
200
54
200
69
167
143
37
145
124
200
190
200
200
63
96
159
97
98
96
182
157
200
108
200
103
200
200
119
200
200
200
164
200
200
200
200
56
200
71
166
188
54
200
200
85
200
200
200
180
200
200
200
58
200
200
200
34
200
60
200
200
75
200
184
200
200
200
164
200
55
114
78
35
200
47
52
82
200
87
101
39
200
89
200
116
89
200
108
68
127
38
80
52
45
185
200
63
18
109
91
200
148
79
113
200
117
179
142
41
52
200
28
18
63
47
