35
162
200
96
197
200
170
75
108
104
95
66
200
44
187
200
200
200
200
200
200
200
65
132
86
200
200
200
200
39
200
110
144
200
150
88
200
121
24
88
200
200
200
103
96
200
200
185
200
200
160
200
200
67
200
200
200
200
65
200
87
200
127
200
109
196
200
200
200
200
35
200
73
200
129
200
200
200
200
191
200
200
200
200
200
172
200
200
157
200
200
94
200
200
146
81
200
69
200
200
81
200
200
200
200
200
200
100
198
30
41
200
200
117
200
172
100
200
200
200
200
200
200
200
200
200
158
110
200
200
200
158
58
90
74
200
32
200
139
123
200
200
200
200
200
200
200
200
200
84
