200
200
200
200
76
200
200
107
200
177
200
200
200
200
71
200
200
200
200
46
79
200
200
200
200
200
148
110
200
27
200
164
200
200
200
51
83
55
190
200
200
69
200
84
200
200
200
78
43
200
200
75
190
62
134
200
200
72
200
100
83
93
15
47
23
93
137
200
49
46
200
200
200
178
200
175
200
200
200
200
200
126
200
97
200
168
200
200
200
200
160
104
200
200
200
200
147
200
200
200
200
200
41
96
200
200
27
200
200
200
200
200
200
200
34
200
101
200
200
35
200
200
85
200
196
79
88
200
200
145
107
200
200
151
200
200
137
171
200
84
200
34
200
39
200
200
200
200
200
123
