73
200
200
200
166
200
138
179
200
200
132
160
200
200
200
136
85
99
200
200
97
200
200
200
110
200
200
76
200
200
81
126
66
200
200
200
156
200
200
200
200
160
160
45
52
62
179
127
96
200
200
34
20
45
192
47
70
198
49
80
194
197
49
37
200
23
200
16
27
22
70
39
144
200
200
41
66
200
200
182
84
200
145
181
135
200
200
200
200
200
200
200
63
200
157
200
200
200
200
151
200
200
36
200
200
200
200
200
145
43
145
200
69
200
200
200
200
200
118
190
187
200
200
200
200
195
200
200
200
114
200
69
200
200
74
48
200
200
39
200
90
128
200
200
200
62
200
200
200
200
