32
64
71
107
52
27
31
113
58
63
50
105
83
22
23
38
97
200
152
46
156
200
60
196
39
200
200
110
65
200
40
187
87
40
55
163
184
75
17
200
82
36
61
200
200
34
160
84
41
168
200
83
200
200
167
66
162
200
173
29
200
36
200
200
200
57
200
115
177
114
121
47
20
200
42
200
168
81
200
200
36
36
200
156
63
47
200
122
200
126
167
98
200
151
200
90
200
102
154
170
75
200
200
97
200
112
200
200
200
200
200
191
200
125
200
110
200
200
200
89
200
200
200
200
109
200
200
200
200
147
200
200
200
136
200
191
200
81
200
74
161
61
200
160
70
200
200
103
200
71
