56
200
30
197
82
172
36
200
20
87
65
77
55
23
200
200
200
200
200
200
200
164
200
91
200
200
200
157
200
200
200
200
200
40
200
62
50
200
200
50
29
200
200
200
110
200
67
200
200
139
23
155
107
200
60
200
11
200
85
70
81
41
133
41
114
30
200
20
200
162
110
200
200
151
200
200
171
106
200
200
60
200
200
200
180
200
47
200
200
200
200
200
200
200
200
47
200
200
122
87
56
200
148
200
200
200
200
200
148
200
200
200
200
200
200
200
153
200
157
200
176
200
200
200
200
200
195
200
200
200
156
200
200
91
200
200
17
200
134
19
200
200
200
159
185
200
200
200
59
200
