200
200
200
144
124
79
80
200
111
194
158
191
200
200
122
200
200
200
200
200
200
200
200
200
95
106
200
152
200
200
200
160
126
200
99
53
200
98
50
185
200
200
46
127
200
200
196
200
200
200
108
200
200
200
200
135
22
200
200
200
200
152
200
193
200
182
200
32
113
139
200
108
200
200
79
74
200
200
154
200
159
65
180
200
200
100
200
200
200
200
200
75
145
200
200
200
32
200
108
99
75
200
83
200
200
184
200
200
200
200
200
137
103
200
200
160
200
200
200
200
200
145
132
200
199
54
84
200
200
124
131
200
200
196
200
136
101
200
200
60
200
200
200
200
200
114
200
187
200
200
