26
200
200
200
154
200
200
108
200
200
98
40
154
200
200
119
175
94
108
200
20
42
200
34
200
47
189
186
200
200
126
65
51
185
200
158
25
64
155
123
88
78
29
37
33
95
30
29
65
69
11
17
13
33
36
114
49
24
30
47
17
38
49
29
178
94
32
33
88
19
74
38
40
40
50
69
68
31
67
123
37
80
17
23
35
142
88
19
35
31
12
11
42
52
14
45
34
34
18
45
44
42
200
107
125
37
142
187
127
25
20
51
37
17
9
200
18
130
111
152
187
32
54
26
54
108
94
200
131
93
200
166
200
14
64
60
28
200
66
200
107
138
169
200
152
200
124
200
180
13
