200
200
200
25
53
200
200
82
200
109
200
40
200
200
200
200
141
200
200
195
200
33
173
57
39
200
200
200
144
200
200
170
151
200
200
200
200
67
200
200
200
197
200
200
148
110
200
200
94
200
200
124
37
200
200
200
159
200
20
51
200
200
200
91
200
200
200
68
200
104
200
200
200
107
102
200
200
200
200
92
200
200
139
23
183
165
111
93
200
200
54
68
200
200
200
174
200
200
31
200
200
124
200
170
40
157
44
59
200
200
45
173
200
200
200
148
200
200
22
99
200
200
120
134
189
122
153
69
200
147
44
124
95
162
49
71
82
200
68
109
157
28
200
165
169
200
200
84
200
200
