200
200
200
181
200
200
200
200
200
200
200
200
200
200
200
200
99
200
200
69
44
95
100
200
200
200
200
200
137
200
200
52
61
74
200
200
68
200
200
200
200
53
75
200
200
200
157
40
200
142
139
200
200
200
200
200
200
193
200
164
200
65
96
21
200
157
163
179
78
83
200
136
200
200
99
200
84
65
47
53
139
200
145
200
200
62
200
200
56
200
200
200
194
141
114
133
108
49
40
120
120
200
200
144
114
106
60
200
85
46
104
42
200
21
34
100
126
18
140
111
65
114
72
67
200
115
22
75
26
33
194
29
102
135
200
28
45
169
58
33
77
138
105
200
109
40
29
32
33
200
