200
192
200
200
200
200
82
200
200
119
96
200
200
200
190
200
83
24
200
147
200
200
171
56
200
200
160
67
200
200
92
171
200
200
200
200
130
200
161
200
32
161
200
164
200
11
87
200
200
200
196
200
78
187
200
200
111
200
200
147
155
189
200
95
200
200
62
125
154
200
148
115
49
53
191
200
106
57
200
200
93
53
142
41
70
55
63
27
45
47
200
200
152
81
73
78
200
42
160
200
200
53
200
173
48
166
71
117
200
20
61
53
161
47
32
53
24
179
200
200
45
200
145
62
200
200
200
67
147
200
200
200
73
200
108
200
117
34
81
32
79
190
72
107
73
48
99
36
189
30
