86
200
200
200
200
200
200
200
200
200
50
200
200
200
200
75
200
200
200
200
200
200
52
200
200
59
57
200
65
200
171
200
200
200
100
200
200
200
200
87
156
200
200
200
200
69
200
200
200
78
200
129
200
200
54
200
24
200
109
200
200
200
200
53
31
200
200
158
200
200
181
89
112
200
200
200
200
200
200
76
200
200
200
200
113
85
168
200
200
67
200
200
200
200
200
200
87
200
200
200
200
200
200
181
26
56
46
97
200
200
76
200
200
35
200
51
36
89
200
200
72
200
200
61
155
88
200
174
102
153
117
200
32
200
140
146
170
113
200
174
42
156
200
93
200
194
200
133
46
126
