200
196
77
200
99
200
200
200
200
200
200
200
30
200
200
200
200
200
200
110
200
200
138
78
200
76
200
175
200
200
170
168
88
118
190
161
200
41
57
148
149
200
126
200
33
104
52
200
200
94
200
73
108
44
31
196
200
88
148
54
117
73
200
39
86
100
75
136
27
19
48
200
78
147
53
22
52
19
37
64
93
146
95
90
57
85
57
28
174
83
28
118
72
16
60
44
26
37
58
18
23
42
36
87
24
17
51
18
17
108
45
44
26
14
41
42
77
47
51
11
40
47
31
22
49
20
29
58
31
81
32
21
41
39
10
14
12
32
37
41
12
18
19
36
36
67
46
21
77
60
