200
200
200
200
200
200
88
200
200
200
113
200
200
200
184
200
34
200
200
200
168
200
109
200
40
22
27
200
200
200
200
200
200
200
200
200
200
200
200
70
200
200
200
200
200
200
200
200
200
200
200
200
200
107
200
200
200
200
200
200
200
200
200
200
200
200
200
200
200
200
200
200
200
200
200
200
200
200
200
200
200
200
200
200
200
200
200
200
200
200
200
200
200
200
200
200
200
200
200
200
200
200
200
200
200
200
200
200
200
200
200
200
200
200
200
200
200
200
200
200
200
200
200
200
200
200
200
200
200
200
200
200
200
200
200
200
200
200
200
200
200
200
200
200
200
200
200
200
200
200
