140
200
200
200
200
200
200
200
200
200
200
200
200
178
200
200
200
200
95
200
200
60
200
200
200
200
200
81
80
200
200
121
151
89
200
200
151
59
130
78
167
25
149
69
33
33
86
200
47
34
200
200
59
200
57
128
100
180
57
200
188
200
41
172
171
133
200
168
200
179
127
11
119
32
34
134
122
109
70
54
22
164
25
100
46
96
55
61
18
87
161
117
41
110
72
53
34
28
35
18
76
42
36
124
37
77
30
45
21
17
54
34
35
72
41
109
40
48
42
66
53
24
21
21
24
61
18
37
35
15
18
38
24
17
84
48
40
32
37
32
70
37
20
62
45
12
77
21
38
19
