200
200
200
134
200
200
200
200
200
159
185
200
200
200
59
200
200
166
99
32
157
59
147
200
160
123
114
200
76
200
200
200
35
200
200
178
200
200
116
200
200
200
200
122
200
200
200
200
200
200
200
200
200
101
200
200
200
200
200
200
200
200
200
200
200
200
200
200
200
200
200
200
200
200
200
200
200
200
200
200
200
200
200
200
200
46
200
200
200
200
200
200
200
200
200
200
200
200
200
200
200
200
200
200
200
200
200
200
200
200
200
200
200
200
200
200
200
200
200
200
200
200
200
200
200
200
200
200
200
42
200
200
200
200
200
200
200
200
200
200
200
200
200
200
200
200
200
200
200
200
