200
200
22
90
200
200
117
200
39
200
30
200
200
200
183
184
46
105
188
96
200
200
200
200
59
200
196
200
119
130
200
200
200
200
181
69
200
200
200
200
200
200
200
200
200
200
200
200
200
200
200
200
116
200
52
200
161
62
119
200
200
200
200
200
200
200
144
200
191
115
200
49
200
200
200
200
200
200
200
200
200
36
200
200
58
90
200
68
200
200
113
124
200
200
137
200
45
182
123
200
200
200
200
200
200
200
126
200
200
200
200
86
200
200
77
200
200
158
136
200
194
41
116
179
105
200
195
195
200
29
42
200
200
200
50
151
72
200
141
138
200
200
170
30
45
98
200
198
200
200
