200
200
200
200
200
200
200
200
200
200
200
200
200
200
200
200
200
200
200
200
200
200
200
200
200
200
200
200
200
200
200
200
200
200
200
200
200
200
200
200
200
200
200
200
200
200
200
200
146
200
200
200
123
44
157
200
95
200
200
200
200
178
200
200
200
200
200
95
200
63
200
71
200
200
200
87
140
116
192
200
52
34
200
200
200
200
59
43
85
200
200
200
173
155
36
182
200
200
46
200
200
21
106
200
85
141
121
80
200
200
45
200
200
200
200
200
200
139
200
200
36
200
92
200
200
200
200
200
200
176
200
200
200
200
200
200
182
92
145
200
101
200
200
200
200
143
200
200
200
200
