192
150
200
200
200
61
200
129
43
141
200
200
112
200
141
200
200
200
70
200
200
99
200
200
200
111
200
200
200
200
200
184
200
200
200
87
200
200
200
200
200
200
200
200
192
192
128
109
200
91
200
200
200
200
69
49
110
200
152
200
200
60
200
200
200
125
58
200
200
200
200
200
168
109
85
165
182
200
200
43
200
200
69
91
64
29
200
200
200
200
200
56
166
147
200
200
200
200
200
200
200
200
200
200
200
42
55
115
153
112
200
171
200
54
24
150
200
152
200
200
200
77
200
117
45
65
112
200
200
78
200
148
79
129
200
200
200
200
104
200
128
200
52
92
200
200
75
71
64
57
