200
200
200
200
200
115
74
200
200
200
57
181
47
77
39
49
53
123
63
41
200
200
89
200
200
200
200
200
200
81
100
200
179
200
192
162
26
200
200
200
200
55
75
66
76
183
200
104
34
200
154
17
200
118
200
200
200
200
107
21
87
200
200
105
58
146
200
50
29
114
200
25
200
200
200
102
200
200
83
200
200
117
47
177
200
200
200
200
200
44
200
50
200
78
200
200
122
59
200
200
200
200
200
107
200
108
200
99
140
200
200
200
93
169
66
87
45
200
42
94
104
200
34
178
170
58
200
200
89
57
200
198
98
59
33
191
200
200
200
189
51
192
200
34
65
152
200
128
92
200
