200
61
189
79
200
200
200
200
200
79
69
200
119
200
200
200
184
200
69
200
200
200
200
200
97
200
101
200
200
200
200
200
200
200
200
156
200
200
200
200
200
200
200
66
200
200
189
200
200
127
200
169
200
99
200
87
95
16
200
120
200
200
200
200
200
200
200
200
200
200
200
200
200
200
97
130
112
200
200
200
200
53
22
200
200
200
200
200
156
200
200
46
114
67
200
44
200
79
16
123
44
200
200
200
200
43
200
109
200
200
200
200
200
200
200
71
136
131
200
200
200
200
21
200
200
200
72
200
70
147
161
200
200
26
200
200
200
200
200
115
200
200
21
200
175
87
200
150
110
111
