149
177
80
200
99
200
97
200
200
200
28
96
19
114
89
19
182
200
200
98
200
200
200
200
97
28
200
57
200
200
138
200
200
162
56
87
200
47
200
53
106
42
110
200
200
200
200
160
200
200
200
69
68
27
41
102
40
73
200
102
124
200
200
109
200
97
200
143
108
70
28
49
200
103
200
164
200
105
200
41
99
131
45
87
200
60
200
44
85
200
74
55
108
99
200
200
69
90
81
114
40
67
89
38
107
144
122
25
87
121
200
94
109
89
175
93
135
171
200
50
56
200
115
200
13
135
24
200
152
29
145
74
200
200
200
167
200
141
70
151
108
200
200
55
56
182
79
200
145
75
