200
160
200
139
200
46
200
106
200
200
59
191
145
200
200
129
149
200
152
34
200
64
116
200
200
117
200
22
68
56
74
180
200
122
200
200
200
200
165
200
57
200
21
182
35
200
93
200
200
200
185
200
200
29
200
193
200
200
200
200
200
200
200
88
200
49
200
200
70
200
83
200
62
200
200
197
161
185
39
200
200
188
127
97
200
69
120
147
87
200
69
200
129
36
30
200
39
200
200
93
182
200
123
200
200
200
72
200
200
200
141
200
200
200
200
29
126
200
200
200
200
200
200
113
200
200
200
200
200
36
34
200
200
200
200
200
200
200
200
137
200
200
200
200
200
200
200
161
188
200
