200
200
200
200
200
200
200
200
168
200
200
200
198
200
200
200
200
200
186
200
200
200
200
49
159
171
200
200
155
200
200
200
200
200
95
147
200
200
200
190
200
200
200
200
200
200
200
200
200
78
77
200
200
200
200
99
200
182
200
200
148
143
200
130
200
200
200
138
96
200
200
173
200
163
157
200
137
200
200
139
101
200
200
59
200
138
200
120
200
200
200
200
55
199
200
200
53
200
200
123
200
200
200
200
134
200
158
200
78
104
200
200
200
173
88
106
200
149
200
200
108
200
140
200
200
200
130
200
200
200
200
200
200
162
200
116
114
200
200
107
200
103
86
26
51
98
77
200
99
139
