200
200
200
200
200
200
200
200
200
103
200
200
200
200
200
200
200
200
200
200
200
72
200
200
200
200
200
200
200
164
200
200
200
194
200
186
200
200
200
200
200
68
178
149
200
200
90
200
155
189
200
200
200
200
200
200
200
200
77
200
14
200
200
200
200
200
200
200
200
98
200
64
78
179
200
191
200
200
200
200
47
200
200
200
170
200
200
200
200
50
181
200
140
200
92
104
116
200
200
157
76
200
175
125
200
200
95
60
81
200
163
200
200
92
200
59
118
104
187
49
200
200
200
200
161
200
54
82
130
126
200
60
62
18
200
122
135
129
101
83
200
73
200
200
28
200
41
58
117
174
