200
200
200
121
200
152
97
81
200
200
200
200
79
60
200
200
44
34
200
200
200
200
200
200
58
184
168
200
200
200
200
51
200
27
200
200
50
91
153
200
133
92
139
200
200
17
200
120
200
193
108
200
200
49
167
81
200
200
200
200
29
200
180
118
200
200
200
200
72
79
58
162
51
200
52
37
200
37
35
80
30
200
46
200
200
29
200
49
142
200
200
200
40
200
161
165
200
71
79
200
106
200
102
200
62
200
200
85
200
200
200
133
180
200
200
81
200
115
53
200
108
200
200
102
200
200
200
200
200
127
141
44
200
113
156
185
107
60
39
38
200
158
200
63
200
200
200
115
176
200
