113
200
200
200
167
200
200
99
200
200
200
200
141
157
200
200
143
200
200
200
200
200
200
200
125
67
99
200
200
200
200
200
200
88
200
200
164
200
200
200
200
200
200
39
200
200
200
123
200
200
200
200
200
72
200
200
115
200
200
200
200
102
200
200
200
47
65
198
41
200
200
42
176
79
200
57
200
200
116
200
195
200
200
200
93
51
116
200
200
115
91
200
200
200
200
126
117
50
200
53
200
200
121
200
193
200
200
109
200
140
200
200
200
200
82
125
200
104
200
200
200
52
200
82
200
200
200
200
200
200
22
163
200
200
200
200
200
175
200
99
143
200
200
154
72
84
118
98
26
142
