200
200
200
178
174
200
200
200
200
200
200
200
200
193
200
200
200
86
144
200
200
78
176
200
200
200
200
200
200
200
200
200
200
200
101
200
65
77
200
200
19
200
200
151
200
86
91
63
200
39
69
200
200
200
159
200
200
110
113
154
200
200
72
124
200
200
200
157
200
200
200
200
200
200
200
200
200
200
50
97
200
200
148
200
200
200
132
39
200
79
200
200
200
200
200
200
48
161
200
200
140
176
200
200
200
200
127
200
191
200
200
114
158
200
200
200
200
200
200
200
200
200
62
200
200
190
200
200
200
81
200
200
200
162
73
200
51
126
200
35
180
175
161
68
134
67
200
200
31
168
