200
200
171
200
200
200
200
200
200
200
200
200
200
200
200
200
200
200
200
200
200
200
189
126
42
200
200
200
91
200
200
200
200
128
200
200
200
200
200
200
200
200
200
200
200
200
200
200
200
37
177
200
200
153
200
200
116
200
119
200
200
200
156
200
200
200
200
200
111
200
129
200
200
200
200
198
200
200
128
200
200
150
142
95
200
131
200
200
94
121
200
200
96
200
167
146
43
200
119
200
82
200
200
128
200
65
158
183
200
200
200
200
200
125
126
200
96
159
76
142
200
60
200
59
200
200
200
59
115
146
54
36
151
200
149
65
125
200
73
127
72
179
113
182
56
200
104
200
88
87
