200
200
200
200
200
200
86
143
105
200
200
200
200
200
200
200
68
200
200
81
200
189
195
200
200
200
200
200
200
200
92
145
200
200
200
95
82
200
168
200
200
200
146
200
200
200
200
96
200
200
200
200
200
200
200
200
200
200
200
200
200
200
200
200
180
200
200
200
200
200
200
200
138
200
200
190
200
200
200
200
187
200
200
200
121
200
200
200
200
200
200
200
130
113
200
193
97
200
200
200
200
200
89
200
200
200
200
184
200
200
200
165
118
200
200
158
200
200
152
200
167
92
200
200
64
200
200
200
200
72
174
200
88
200
200
192
51
200
200
168
200
200
200
200
200
200
200
182
138
200
