200
200
200
200
150
200
200
200
200
200
147
200
200
76
200
200
200
56
200
146
200
200
64
200
200
133
200
200
82
200
200
200
179
200
52
49
198
105
116
100
34
200
65
170
98
200
153
82
98
19
200
200
15
200
78
200
38
200
200
93
200
200
53
152
91
200
151
200
80
200
200
200
200
40
200
105
200
200
200
123
200
61
200
200
51
200
177
200
58
200
200
140
69
58
186
81
121
81
83
200
200
58
151
37
200
51
200
200
50
17
73
59
39
200
200
52
127
55
133
200
200
129
109
160
42
97
140
29
200
200
76
200
200
200
200
197
137
105
79
200
200
200
51
81
139
158
200
200
200
33
