200
138
58
200
200
200
200
103
200
200
200
200
99
200
200
200
200
200
200
194
93
200
200
200
120
200
94
200
200
52
200
72
170
85
82
200
149
152
129
108
179
103
48
200
200
77
140
31
200
95
113
53
200
200
109
68
200
200
200
200
192
200
200
200
49
32
67
80
50
15
200
200
23
98
91
200
200
56
146
200
34
102
20
200
151
110
200
200
20
200
153
200
188
200
193
200
200
75
25
53
36
200
114
200
200
73
200
200
151
65
153
200
200
62
200
61
189
200
200
200
112
200
200
200
25
200
112
200
200
191
146
200
67
136
200
150
96
200
200
200
200
67
200
200
200
33
23
200
110
200
