126
200
187
73
36
200
200
200
85
200
200
200
200
200
66
86
112
44
200
69
200
200
187
200
66
101
200
200
200
200
200
200
200
40
60
100
200
200
200
198
200
74
95
200
161
150
200
182
127
111
200
200
47
153
128
200
200
200
200
200
200
200
200
200
166
144
200
200
200
200
200
59
200
140
200
200
110
200
128
82
164
36
46
109
163
200
200
200
63
176
86
103
200
200
200
61
96
200
200
200
200
200
200
200
200
200
200
13
200
140
95
200
76
131
200
200
200
200
200
200
200
200
14
101
95
200
148
83
200
200
200
116
142
64
139
87
199
101
200
117
200
60
200
33
110
66
55
122
176
121
