44
200
192
200
122
125
200
200
200
200
200
200
200
200
200
200
200
136
200
200
200
87
179
200
200
200
200
200
200
200
200
200
200
55
200
200
132
120
200
200
200
200
200
64
141
133
61
200
160
200
200
200
200
200
200
200
200
200
200
200
200
148
200
200
200
200
200
200
50
132
200
200
200
126
200
200
152
200
53
77
200
28
101
200
200
88
200
200
200
79
180
200
116
200
200
56
87
200
171
200
65
200
200
200
200
10
200
66
200
92
190
51
106
176
200
200
142
200
200
200
200
200
200
73
200
200
55
113
148
13
200
200
200
200
135
187
200
53
200
200
151
200
200
200
200
200
200
200
200
200
