200
200
200
200
200
200
200
200
200
200
200
199
200
200
200
200
200
200
200
200
200
200
200
200
200
200
200
200
107
200
200
200
200
200
200
200
200
166
200
200
200
200
200
200
200
125
200
200
200
200
200
200
200
183
200
200
200
200
200
185
200
120
200
200
200
200
200
165
168
200
50
200
170
200
200
167
64
200
142
200
200
200
132
200
140
200
200
200
200
64
200
200
200
200
200
200
200
200
200
200
200
200
200
200
200
141
115
114
200
144
164
200
122
183
200
200
200
200
200
91
200
128
200
57
164
200
126
200
78
200
200
132
196
200
200
200
200
200
200
67
200
200
200
200
200
200
200
200
200
200
