137
200
200
79
200
200
38
200
200
200
200
200
141
50
67
160
198
134
200
200
200
139
200
200
200
200
193
200
200
53
200
200
200
200
200
200
200
96
154
200
86
157
200
119
200
200
126
72
200
200
126
200
133
81
200
200
200
106
200
115
88
156
200
91
112
68
39
141
200
200
200
103
186
200
85
200
200
200
60
200
200
200
101
147
200
200
153
99
200
200
47
64
153
200
122
78
181
41
61
200
200
123
200
200
200
200
200
111
200
200
200
200
200
200
166
134
200
138
84
200
108
49
94
130
200
91
149
75
30
139
200
200
200
109
200
121
200
105
148
149
137
31
200
93
200
200
200
154
27
123
