200
127
200
200
200
76
200
200
200
147
200
79
200
200
186
31
200
200
200
200
76
45
166
200
200
200
56
200
200
200
200
200
200
151
85
70
200
200
200
200
159
87
200
200
200
200
200
97
197
82
200
139
161
111
200
191
87
175
68
57
149
200
200
200
200
200
200
46
200
124
115
164
200
108
200
37
200
54
200
116
85
54
66
28
122
79
200
144
29
92
152
72
37
110
102
194
82
200
200
200
200
200
78
69
162
52
185
50
25
118
200
103
39
57
78
30
200
22
31
31
40
86
65
69
181
92
87
58
41
75
37
90
29
40
9
142
167
30
45
40
79
65
184
200
90
89
200
95
200
200
