200
200
200
89
200
200
200
200
200
200
200
200
200
200
200
200
133
47
200
200
137
200
157
200
200
200
200
185
196
200
157
167
142
180
200
100
200
200
173
36
200
200
71
200
200
200
154
200
33
200
75
94
200
67
200
73
200
71
86
200
200
200
87
200
103
200
200
170
200
200
200
200
200
200
200
149
200
200
200
200
200
200
200
200
200
200
93
200
200
200
200
200
200
69
123
200
200
68
200
101
17
21
130
200
200
63
200
200
182
45
200
200
127
200
94
48
200
64
82
200
67
200
188
200
200
50
200
200
81
136
200
52
76
200
200
197
200
200
200
200
200
200
200
200
103
200
200
200
119
200
