200
98
108
200
31
188
200
200
107
170
42
62
43
68
200
200
73
128
32
22
178
128
200
61
68
97
96
114
97
62
39
200
22
77
47
130
63
58
200
200
200
190
75
200
58
123
200
200
158
157
184
200
94
200
200
200
40
200
185
200
200
200
200
59
200
113
200
142
60
128
200
95
200
47
106
42
200
200
200
200
175
47
123
138
200
116
151
106
109
200
200
83
98
200
200
25
180
47
51
27
108
51
190
200
200
70
84
200
200
147
200
200
200
78
92
200
129
200
200
58
122
200
200
200
112
187
63
101
200
190
160
200
200
95
173
200
200
103
49
106
116
200
200
107
200
117
200
200
122
35
