200
116
96
200
151
200
200
200
56
200
200
71
200
200
112
200
200
200
200
196
200
200
200
58
200
200
200
200
200
200
200
200
200
200
200
200
195
150
200
200
200
200
200
200
200
200
200
167
200
200
102
200
200
200
200
200
200
172
200
110
151
200
200
200
200
109
200
159
163
200
200
200
200
123
200
200
198
200
138
200
200
200
118
200
178
200
200
200
180
200
169
200
200
200
200
200
197
200
200
200
200
200
200
200
200
110
175
200
192
200
200
200
200
200
200
200
94
200
116
86
200
200
200
152
193
158
200
200
200
200
128
89
46
200
38
200
200
200
179
118
90
63
200
200
200
200
41
100
68
38
