154
200
157
108
200
171
65
200
200
165
200
200
200
200
73
76
200
200
200
152
161
41
171
200
32
200
171
39
200
200
200
75
64
30
30
77
108
190
50
200
111
161
69
128
200
200
54
179
200
181
144
200
75
200
78
145
46
20
31
91
87
117
180
87
38
200
113
137
200
99
36
61
55
15
16
200
97
69
31
67
200
42
133
200
186
56
73
16
108
47
200
200
151
200
20
60
78
200
142
128
131
151
200
200
200
200
172
134
142
43
60
49
17
200
41
200
196
200
17
188
66
200
62
44
112
64
129
129
86
200
25
11
200
68
186
87
100
29
200
200
15
200
46
91
61
71
200
79
200
200
