200
200
200
200
200
200
200
200
160
200
133
200
200
200
139
200
200
200
200
200
200
200
200
200
166
83
62
200
200
200
105
200
200
200
200
200
200
58
52
200
123
79
200
200
72
200
200
51
95
200
200
70
169
178
41
200
200
35
200
51
99
200
137
200
134
110
189
200
200
200
58
65
85
119
200
63
153
200
78
67
200
71
50
150
200
83
39
106
25
111
92
74
78
108
17
41
83
200
19
200
31
75
180
150
200
200
48
165
200
200
200
136
88
95
52
55
200
200
17
17
200
65
200
200
30
200
200
42
157
55
100
66
200
19
162
200
179
200
199
132
90
200
143
109
46
179
200
200
200
132
