200
200
200
178
200
200
200
160
200
200
160
200
200
200
155
200
200
200
47
200
111
200
200
200
200
200
200
200
200
200
200
200
200
200
200
200
200
200
200
200
200
181
200
200
187
100
200
200
200
200
200
167
200
200
200
48
200
200
112
127
200
200
200
57
200
200
190
200
200
200
174
200
200
200
200
200
200
200
85
45
98
200
199
200
167
200
200
200
200
200
160
200
200
149
200
184
200
200
134
200
77
142
151
200
97
200
199
53
200
113
200
200
179
200
200
200
125
131
166
65
121
200
200
200
200
200
200
192
168
82
200
200
200
17
200
200
198
97
135
51
200
88
200
200
120
43
200
200
70
73
