200
200
69
200
200
200
128
200
200
100
200
159
200
200
200
154
200
200
142
200
162
88
132
200
200
200
200
163
200
200
200
200
200
200
178
169
200
200
200
166
200
129
200
69
92
172
200
87
200
200
36
125
200
58
86
200
200
122
200
200
200
86
200
66
178
200
113
200
69
200
200
198
200
200
66
200
200
200
200
68
117
200
200
200
200
123
200
50
93
38
117
125
200
122
58
200
200
70
14
200
200
62
190
55
176
200
35
43
194
200
83
200
200
140
96
200
66
41
160
122
77
82
106
200
111
200
23
126
130
200
155
153
22
175
200
42
200
200
200
200
124
200
200
105
106
81
200
26
200
109
