200
200
200
200
197
200
92
200
200
200
95
200
200
200
200
200
143
88
200
200
200
200
200
121
200
200
200
200
143
200
83
200
200
185
200
200
132
200
200
200
200
83
200
200
200
200
200
200
200
200
26
98
200
200
151
200
200
200
200
200
106
35
200
31
130
200
185
149
200
200
200
200
200
83
113
200
93
200
200
166
197
85
200
149
200
182
200
116
200
93
200
67
163
200
163
200
175
166
104
51
200
200
59
27
200
65
148
200
200
114
200
200
125
26
200
43
200
46
200
102
200
59
26
147
84
200
195
200
200
140
200
200
200
66
159
200
118
67
141
200
200
200
138
200
84
84
171
200
71
49
