200
200
200
200
200
200
200
200
144
200
200
200
200
200
200
200
200
186
200
200
200
200
200
200
200
200
200
200
200
166
200
200
73
200
200
200
200
200
200
200
200
200
200
200
200
200
200
200
200
200
200
123
200
200
200
200
200
200
200
200
200
200
200
200
200
200
200
200
200
200
130
200
200
200
200
200
200
200
200
200
200
200
200
200
200
200
200
200
200
132
200
200
200
200
127
200
200
200
200
200
200
200
200
200
200
78
200
200
200
200
200
143
200
200
200
200
200
200
200
200
200
198
156
200
200
106
200
200
200
200
200
200
200
200
96
200
200
200
122
118
164
200
101
200
200
200
114
47
200
200
