200
200
200
200
200
200
200
200
74
200
200
166
200
200
200
161
200
200
74
126
67
200
153
200
200
200
133
200
200
200
100
168
146
99
180
152
200
200
87
97
69
75
170
200
200
200
200
141
200
104
59
200
200
200
141
133
188
81
200
34
200
147
200
200
200
111
165
200
200
179
200
200
200
195
200
200
118
139
200
200
200
183
53
149
147
200
107
175
140
200
112
141
59
200
119
200
56
55
124
50
200
46
200
195
200
200
200
200
141
200
200
64
179
31
80
110
200
148
72
200
151
200
130
200
200
200
200
126
85
200
200
200
109
107
200
200
189
79
200
200
200
31
200
42
132
82
174
145
70
187
