200
101
200
200
200
200
135
200
200
64
200
163
48
200
200
86
200
200
200
127
200
141
200
185
77
200
89
133
182
200
130
97
200
87
112
200
200
200
200
200
200
17
200
69
200
200
132
200
123
200
200
200
200
200
200
197
200
200
200
200
163
200
200
200
200
200
200
200
200
200
42
200
200
200
200
200
200
171
101
200
105
76
95
173
183
200
118
200
200
82
200
126
200
200
200
90
199
200
200
88
142
200
200
200
200
200
200
131
200
200
200
186
200
200
182
200
200
40
200
134
200
200
200
200
200
105
135
154
200
200
22
200
200
200
200
136
200
200
193
117
113
175
200
150
51
193
106
71
174
58
