200
200
127
200
200
114
200
88
128
200
200
200
200
94
200
200
200
200
200
200
200
200
200
55
200
200
108
200
200
200
200
144
93
200
200
70
112
72
39
107
135
200
200
200
200
200
200
200
15
200
200
200
86
200
200
200
200
200
200
200
200
197
200
200
170
200
134
200
200
200
200
200
200
200
185
200
200
95
128
115
147
99
153
200
77
200
200
200
200
200
200
200
200
118
94
200
200
200
184
163
149
200
200
200
200
200
67
200
200
200
116
34
200
101
200
200
200
70
200
200
151
200
164
200
200
113
200
137
200
200
116
200
173
200
65
200
200
200
200
94
31
160
80
200
93
200
200
200
67
157
