133
200
200
100
200
200
200
200
200
107
200
103
126
133
89
126
200
200
200
200
200
200
159
128
200
176
64
130
64
200
200
200
200
95
175
200
25
65
75
20
100
65
108
141
200
200
200
116
69
129
66
200
43
24
61
200
200
200
41
200
200
200
200
56
20
76
200
152
118
200
87
156
157
67
132
125
200
124
88
55
97
49
79
200
154
61
82
97
44
127
84
128
84
113
134
200
83
109
60
124
39
200
37
77
200
35
24
165
200
101
82
73
200
195
15
58
200
87
200
129
75
200
22
200
200
200
45
28
119
35
183
81
44
174
52
33
46
80
23
200
200
90
89
162
185
177
159
45
37
151
