200
200
200
200
200
200
200
200
200
200
200
200
200
200
200
200
200
200
200
200
200
200
200
200
200
200
200
200
200
200
200
200
200
200
200
200
200
200
200
200
200
200
200
200
200
200
200
200
200
200
200
200
200
200
200
200
200
200
200
200
200
200
200
200
200
200
200
200
200
200
200
200
200
200
200
200
200
200
200
200
200
200
200
200
200
200
200
200
200
200
200
200
200
200
200
200
200
200
200
195
200
200
200
200
200
200
200
200
200
200
200
200
200
200
121
200
200
200
200
200
180
200
200
200
200
200
200
200
200
200
200
200
200
200
159
200
200
200
200
200
75
200
200
200
178
200
200
200
177
200
