200
200
200
108
75
200
200
200
200
200
200
173
200
164
108
200
156
200
200
200
200
200
200
200
200
200
163
172
200
200
200
167
200
144
106
200
200
200
140
200
200
142
200
173
200
106
162
200
200
200
200
200
200
200
200
181
114
200
200
67
200
141
200
99
37
152
92
200
101
107
20
200
200
102
171
200
200
200
129
139
200
200
58
185
178
135
192
199
200
27
104
30
200
180
64
200
200
200
54
200
200
200
60
58
200
71
116
78
200
49
152
200
16
39
194
127
137
200
57
126
200
183
200
200
200
88
94
155
200
183
200
162
60
35
84
120
26
184
93
26
105
60
164
81
60
34
200
70
171
200
