185
41
200
82
200
200
151
129
42
200
69
200
174
200
200
200
200
157
200
170
200
200
200
200
108
200
181
200
200
200
200
200
200
171
159
200
200
37
142
200
37
49
200
200
79
200
170
200
153
143
98
117
200
72
35
118
200
104
200
94
55
43
200
188
116
68
68
200
200
115
68
158
200
200
70
184
63
51
200
200
86
200
200
200
200
188
200
200
200
38
128
151
200
27
98
200
200
200
200
200
200
200
74
200
49
200
75
200
200
50
200
200
127
190
200
191
158
123
161
50
98
200
200
154
200
200
200
166
16
117
59
200
107
160
54
48
200
132
170
111
200
200
37
200
109
119
70
200
200
200
