200
200
200
200
200
200
200
200
200
200
200
193
200
200
200
200
200
200
200
200
200
200
200
200
200
200
200
200
200
200
200
200
189
200
200
200
200
200
200
200
200
200
200
200
148
200
200
191
187
200
171
200
200
200
141
200
200
160
200
200
200
200
200
200
200
200
200
200
200
200
200
200
200
200
200
200
200
200
200
200
200
121
200
200
200
200
183
200
200
200
200
200
200
200
200
200
134
200
176
200
200
200
176
200
200
200
200
190
120
200
200
200
189
200
200
197
200
200
200
200
200
200
46
200
200
200
200
200
200
200
67
200
104
200
200
200
200
200
122
171
200
200
200
199
200
200
200
200
69
137
