82
90
200
200
200
200
179
92
200
200
200
200
200
30
200
110
200
62
200
200
200
200
68
95
60
200
200
200
200
27
200
200
200
200
200
200
117
131
200
200
200
69
200
200
200
200
200
81
142
45
200
200
200
200
200
200
200
124
200
200
92
200
140
200
79
200
200
200
200
200
200
200
103
200
200
200
200
200
200
149
200
190
200
125
124
200
156
200
200
200
128
200
200
200
41
200
200
200
200
200
98
200
200
200
88
200
200
200
200
200
200
200
200
35
135
200
46
200
170
200
200
150
200
200
106
133
118
72
153
200
137
49
50
53
35
200
137
200
200
134
200
77
200
20
95
200
200
200
35
69
