90
200
62
200
200
200
200
200
200
200
178
200
29
186
95
33
20
200
200
111
199
200
90
49
200
103
47
200
33
200
101
160
36
109
200
200
42
200
27
19
63
199
200
69
188
25
200
60
200
17
100
61
200
47
125
158
97
200
43
200
140
29
200
200
73
162
200
80
200
78
200
200
72
200
71
200
42
42
45
200
87
200
82
93
200
200
44
146
132
82
200
200
200
36
200
60
53
107
200
73
62
50
200
200
153
178
200
55
61
200
200
200
200
200
200
200
81
34
128
200
188
200
31
200
50
126
200
200
88
67
35
32
71
53
60
134
71
124
55
167
20
200
47
200
141
200
200
200
200
81
