200
200
133
200
200
38
200
200
109
200
200
200
200
62
91
200
200
200
200
200
200
200
200
200
79
200
200
200
128
186
200
44
129
163
200
124
47
200
200
200
200
200
200
200
200
108
200
200
200
74
48
200
152
200
200
78
200
200
47
44
81
70
200
200
185
200
101
200
200
175
27
128
112
200
200
55
200
200
200
200
200
200
90
123
200
200
200
200
200
200
200
32
200
200
200
200
200
200
200
200
200
200
200
200
200
106
200
200
200
200
49
200
30
200
200
200
200
200
168
47
200
200
113
200
200
110
168
200
138
200
200
200
200
109
157
155
200
200
200
200
200
200
177
200
84
196
200
131
200
45
