200
192
200
200
75
162
53
200
200
110
68
200
200
200
127
200
200
200
200
200
55
200
75
200
200
200
200
200
200
200
200
200
85
200
96
200
200
200
158
200
37
200
200
200
200
200
180
199
200
133
156
200
200
200
200
200
200
200
161
200
200
200
200
200
200
153
200
200
200
200
200
200
200
200
200
88
89
200
200
200
200
200
200
200
200
200
200
200
200
200
111
200
200
153
200
37
79
177
200
157
200
68
200
200
200
91
41
200
52
108
200
162
200
200
200
57
59
87
200
200
195
200
200
200
200
200
113
30
200
200
99
121
200
200
80
196
30
97
200
179
35
200
70
121
116
200
92
58
200
91
