200
200
200
200
200
200
200
107
200
200
200
200
200
200
200
200
200
200
200
200
200
200
165
200
200
200
200
200
200
200
200
200
200
200
200
200
200
200
200
200
180
200
200
200
200
200
200
200
200
200
200
200
200
200
200
200
200
200
200
200
200
200
200
200
200
200
200
200
200
200
200
155
200
200
200
200
200
200
200
200
200
200
200
200
200
200
200
200
175
200
200
200
200
200
200
200
200
200
200
200
200
200
147
200
200
200
200
200
200
200
200
200
200
200
198
143
200
200
200
200
200
200
200
200
63
129
200
200
200
200
200
200
115
200
200
184
93
200
200
200
200
47
200
78
200
200
107
200
200
68
