102
200
200
200
200
186
200
200
152
121
77
170
52
148
172
59
106
132
193
120
200
200
200
200
200
48
110
118
67
147
52
80
200
165
200
126
99
112
118
109
200
180
200
84
137
69
66
200
200
51
112
116
200
118
146
17
200
113
200
162
137
101
79
149
200
136
51
114
65
200
200
200
153
200
200
27
48
19
200
200
70
200
72
200
114
48
200
200
200
79
200
144
200
47
200
200
200
200
65
200
200
32
200
133
200
200
200
39
140
200
200
200
200
122
200
166
200
96
200
45
200
137
137
200
185
170
200
200
26
200
62
200
200
155
92
200
200
200
200
79
200
143
200
147
200
151
144
200
200
200
