200
200
200
200
200
200
200
200
200
200
200
200
200
200
200
200
200
200
200
200
200
200
200
200
200
200
200
200
200
200
200
200
200
175
139
200
200
200
200
200
200
200
200
200
200
200
200
200
182
200
200
200
200
200
200
200
200
200
200
102
200
162
200
195
200
155
200
200
136
200
172
200
97
200
175
123
200
200
200
138
200
200
200
200
200
200
50
200
200
131
200
197
200
158
182
74
130
200
200
200
200
95
200
200
66
200
200
154
108
196
200
198
200
200
200
192
200
200
200
43
123
35
200
129
64
179
104
46
102
200
112
44
200
62
63
132
200
200
200
116
200
200
200
200
166
134
46
139
138
200
