200
200
200
200
200
126
200
200
200
200
200
59
200
200
200
200
200
200
200
200
197
200
197
179
200
200
200
121
76
200
200
200
200
42
20
200
200
112
200
200
200
200
200
191
200
106
200
200
93
200
43
200
200
200
200
200
74
200
200
48
200
90
89
126
132
68
101
200
59
116
80
158
76
200
200
200
190
181
91
59
200
197
200
141
200
200
114
200
94
75
58
110
200
131
200
169
57
124
87
174
200
126
74
200
154
200
200
45
113
70
200
200
200
24
200
53
59
200
200
81
199
200
46
200
39
153
139
166
133
200
200
104
200
200
129
88
38
80
200
129
65
126
200
200
200
200
181
133
79
152
