200
200
200
200
200
200
200
95
157
200
85
115
200
194
200
200
100
53
200
160
112
200
135
121
113
200
200
88
161
200
200
200
142
114
200
113
102
200
165
134
188
139
110
200
200
188
200
72
200
200
200
200
200
200
200
140
200
108
129
200
177
200
200
113
150
200
200
200
200
160
196
200
200
200
193
200
200
91
200
124
200
200
29
200
200
189
200
200
200
130
150
128
200
144
62
200
76
200
200
99
200
58
99
200
54
200
200
200
200
200
200
160
158
200
200
200
42
176
200
200
200
114
200
200
139
200
200
135
137
200
200
200
190
200
200
184
200
49
134
200
200
200
144
70
146
200
200
174
200
200
