200
200
200
200
195
200
55
200
200
200
200
200
200
200
184
173
200
200
200
200
200
200
200
78
92
200
200
200
142
200
200
99
43
200
200
200
200
89
200
200
200
200
200
200
111
200
200
87
200
200
200
147
135
200
200
200
200
147
77
200
200
200
200
200
200
200
200
200
200
200
200
200
200
200
93
37
60
200
137
87
200
200
106
146
194
200
54
32
200
200
130
101
200
96
200
97
200
76
109
24
200
96
200
133
200
200
119
103
48
70
133
200
200
200
198
79
200
118
188
67
188
182
200
200
200
200
102
200
200
105
113
157
180
109
100
200
148
25
200
15
137
15
39
178
95
77
144
47
75
142
