200
165
200
200
200
194
200
200
200
200
200
69
200
200
200
151
200
200
147
200
141
200
187
200
200
200
30
200
200
200
122
200
120
200
200
200
85
200
196
200
200
200
200
200
168
117
71
200
55
200
200
55
200
200
60
82
200
99
68
167
200
200
71
52
78
104
200
79
200
106
200
73
200
146
108
89
96
79
189
71
76
125
76
200
200
25
200
42
81
34
200
121
200
200
200
118
200
115
200
200
79
137
200
110
200
200
200
200
200
140
139
74
200
200
22
200
200
88
200
164
200
84
25
200
200
149
200
69
89
200
200
200
200
200
162
52
87
36
200
52
57
28
106
149
200
200
82
200
200
132
