200
200
200
200
200
200
200
200
200
200
200
200
200
200
200
200
200
200
200
200
200
200
200
200
200
200
200
200
200
200
200
200
200
200
200
200
200
200
200
200
200
198
200
200
200
200
200
200
200
193
200
200
200
200
200
200
200
200
200
200
200
200
200
200
200
200
200
200
200
200
200
200
200
200
200
200
200
139
200
200
200
200
185
200
163
200
200
200
200
200
200
200
200
160
200
200
200
200
200
200
200
200
200
200
200
200
200
200
200
200
143
200
200
96
200
200
200
200
200
200
183
200
200
200
200
200
200
200
200
200
200
200
200
200
200
200
178
200
93
200
170
180
200
171
200
200
200
200
200
200
