200
200
200
200
200
200
70
76
126
200
200
200
200
67
200
200
80
200
200
176
59
112
88
200
103
69
200
86
86
37
37
200
200
63
92
200
36
65
200
93
82
11
44
200
101
200
200
78
200
200
58
177
92
112
200
52
200
200
200
200
156
200
118
65
200
28
200
80
200
38
57
88
46
200
19
200
200
26
59
200
93
159
41
97
92
121
21
90
43
31
48
44
185
59
200
200
200
65
56
200
200
77
52
46
200
105
130
25
75
200
59
67
46
101
55
61
131
110
200
144
151
200
155
72
43
107
64
48
66
103
157
56
119
77
86
156
196
200
36
200
56
50
78
36
32
113
22
200
200
200
