200
200
200
200
200
106
200
200
200
200
28
200
200
200
86
200
200
53
200
200
200
200
177
200
200
200
197
200
187
200
200
200
108
200
200
196
200
200
200
200
163
65
200
200
200
200
200
200
148
200
200
200
200
73
67
200
127
200
200
200
200
101
200
50
200
200
200
25
200
200
78
200
200
200
200
200
200
200
200
200
200
200
200
200
88
200
200
80
200
143
200
161
115
200
60
200
200
200
200
69
200
200
149
200
200
200
87
50
200
200
200
200
141
200
200
200
200
200
83
200
200
200
200
200
200
151
56
200
200
200
51
200
200
152
103
81
82
76
104
200
163
200
197
109
200
148
200
200
200
200
