70
59
200
152
200
200
82
200
200
93
200
200
200
128
100
135
200
200
200
173
200
71
157
89
200
79
86
200
89
51
200
200
135
172
133
200
200
42
89
200
125
200
107
76
200
164
78
29
80
34
31
49
56
200
41
200
97
56
36
130
200
54
153
200
85
135
27
105
15
176
42
155
62
67
185
47
142
200
44
17
47
115
200
43
19
200
200
56
200
95
80
12
95
139
29
48
96
69
179
68
37
200
200
182
47
200
200
83
200
120
63
107
118
27
39
200
22
62
136
172
200
133
27
86
200
67
200
112
200
88
200
44
200
200
112
200
182
145
200
200
26
200
68
116
200
120
200
33
200
98
