200
200
200
200
200
200
200
132
200
200
126
200
200
200
200
200
200
198
200
200
158
200
200
200
200
200
200
200
200
200
86
200
200
200
200
200
200
200
200
200
200
200
200
200
200
137
169
200
200
200
200
200
200
200
200
171
52
200
200
200
200
200
200
105
154
200
200
200
200
200
200
200
200
200
200
200
200
200
200
200
195
200
200
200
159
200
200
200
200
92
200
200
200
200
200
200
200
200
200
153
200
200
200
200
200
200
200
200
200
133
200
200
198
200
200
135
170
200
200
200
200
200
200
200
200
200
158
200
200
178
200
200
200
200
193
200
200
200
149
200
200
143
200
96
200
200
200
200
117
200
