119
200
200
200
200
200
200
200
200
200
200
200
200
200
200
200
200
200
200
103
200
200
200
200
200
200
200
200
200
200
200
200
200
200
200
200
200
200
200
200
200
200
200
200
200
200
200
200
200
200
200
200
200
200
200
99
200
200
200
200
200
200
200
200
60
200
200
200
200
200
200
200
200
137
200
200
200
200
82
200
200
164
200
200
200
200
200
200
200
200
200
148
200
200
200
157
106
200
200
164
200
200
60
200
55
200
200
200
200
38
200
200
200
200
76
200
200
200
200
200
86
55
200
200
200
111
200
200
200
142
79
200
200
192
82
200
200
200
200
145
51
200
200
200
46
200
200
200
57
108
