200
200
200
141
69
121
67
197
200
35
190
200
200
200
200
200
200
72
200
200
132
200
200
173
200
45
194
200
200
200
125
103
76
200
81
200
200
102
200
200
111
87
200
200
143
138
200
200
200
142
200
200
33
200
200
135
200
115
162
122
200
175
200
143
200
122
200
193
200
200
200
154
200
65
200
44
103
23
200
176
200
200
200
116
69
200
93
200
200
111
22
200
200
78
112
200
182
134
195
49
20
124
200
132
138
200
49
171
79
38
40
95
178
200
82
199
200
86
109
200
117
200
200
112
61
179
43
45
62
51
27
191
30
200
94
104
174
200
27
36
97
77
200
200
200
41
200
106
62
200
