200
200
124
200
200
60
100
79
81
200
200
200
200
200
200
200
200
200
200
200
83
200
200
200
182
200
200
200
200
200
200
163
200
120
200
200
200
194
200
200
200
164
200
49
200
110
53
200
200
88
200
53
200
200
200
200
200
107
200
200
109
166
113
32
200
200
106
200
200
200
122
200
136
51
200
88
200
200
78
154
200
76
200
200
200
200
135
200
186
53
94
200
53
115
91
156
17
53
200
200
200
200
145
200
43
200
61
200
86
200
147
200
200
134
200
126
136
156
63
121
63
200
179
200
32
200
183
24
88
149
200
149
87
66
200
44
80
64
200
200
137
72
90
104
71
68
56
108
200
109
