200
200
200
200
200
200
200
200
200
200
200
200
200
200
200
200
200
200
200
200
200
200
200
200
200
200
200
200
200
173
200
200
200
200
200
200
200
200
200
200
200
200
200
200
200
200
200
200
200
200
200
200
200
200
200
187
200
152
200
200
200
135
200
200
103
200
199
200
200
200
200
200
200
200
200
192
200
200
195
200
200
200
175
200
200
130
200
200
200
200
200
200
89
200
200
200
200
200
200
119
200
200
200
200
200
200
200
111
200
200
200
200
94
200
200
200
200
200
200
200
200
200
200
88
195
200
200
200
200
200
200
200
200
109
200
200
200
200
200
200
200
200
200
200
200
200
200
200
200
200
