200
200
200
176
99
200
200
184
200
200
200
200
108
200
200
116
97
46
119
200
118
200
191
32
200
141
200
200
200
75
200
200
139
200
135
200
92
51
200
127
200
200
200
200
119
98
200
200
44
200
120
200
72
161
200
41
147
200
200
200
136
200
129
200
117
200
200
93
200
91
177
200
100
200
200
200
200
110
200
137
200
200
200
200
200
200
200
200
200
42
200
115
200
200
200
177
200
200
200
200
51
200
189
171
102
200
200
82
200
200
200
154
193
173
200
181
200
200
126
200
145
200
40
200
200
200
81
124
200
200
142
45
200
84
114
200
200
134
200
200
190
200
151
106
200
50
91
168
81
200
