200
200
200
200
200
200
200
200
200
200
200
200
200
200
152
200
200
200
180
200
200
200
200
200
200
200
45
200
200
191
200
200
200
200
200
195
183
64
200
67
200
200
178
90
200
197
200
200
200
200
107
200
200
200
200
152
119
200
200
200
200
200
200
200
158
200
200
200
25
200
200
200
200
200
200
200
200
99
200
200
200
200
116
107
200
142
200
200
200
186
200
146
38
112
200
200
200
200
200
83
200
200
200
45
200
200
200
200
200
200
200
200
200
200
113
200
200
200
200
200
200
200
200
200
200
133
200
80
70
200
200
200
163
200
200
200
200
200
200
200
133
200
200
200
170
168
131
200
200
200
