143
38
200
200
200
175
200
200
200
200
200
147
200
200
200
200
200
200
200
200
200
200
200
200
86
78
68
200
200
156
110
149
200
200
200
200
200
88
91
200
200
200
52
200
85
200
200
200
200
200
200
35
29
200
200
200
56
200
88
47
86
200
200
200
200
200
172
200
100
200
180
176
200
200
200
29
117
69
34
67
200
53
40
200
42
35
200
61
90
129
192
133
117
89
70
31
187
71
81
200
159
152
200
200
60
112
193
200
183
200
27
58
56
79
166
124
200
200
59
89
200
32
200
36
147
200
200
145
130
174
80
24
200
200
89
28
84
51
200
200
92
200
19
198
88
40
60
200
68
58
