200
200
200
200
200
200
101
62
200
200
51
200
200
200
97
200
200
200
200
200
200
54
148
59
200
145
134
26
200
200
200
200
200
165
200
200
161
135
200
48
200
194
128
200
200
200
180
146
90
121
200
200
152
197
118
200
87
58
200
200
200
200
56
32
168
42
200
200
120
200
104
200
200
106
87
97
133
200
200
200
200
200
200
156
56
200
102
200
152
200
200
30
80
200
200
130
57
43
200
46
107
170
59
200
174
88
200
196
200
122
72
200
200
108
200
159
200
200
200
200
200
23
200
200
93
136
181
161
200
200
154
156
73
127
200
40
200
200
41
154
200
79
108
200
200
160
200
51
81
195
