200
200
200
182
200
200
200
185
200
200
200
200
200
200
170
131
200
200
200
200
58
200
160
200
200
92
84
200
200
84
170
54
200
200
76
200
117
200
200
200
200
149
200
200
118
135
64
167
125
163
60
73
141
200
31
200
18
200
61
49
107
200
200
24
24
29
31
19
22
184
27
87
38
101
106
26
37
74
139
36
45
21
153
22
85
51
200
36
193
39
18
24
23
23
35
13
75
200
16
103
56
200
56
26
42
54
27
87
9
12
19
18
126
12
21
36
18
18
118
19
47
106
27
15
94
17
19
39
36
28
14
9
21
17
10
20
82
44
57
110
23
13
86
13
16
13
13
20
13
19
