200
200
200
171
200
200
179
200
200
200
75
28
160
93
200
94
199
200
200
152
200
200
67
78
200
179
57
200
200
83
200
178
200
200
200
159
200
200
200
200
200
200
200
200
200
200
200
200
94
200
200
200
200
200
200
200
200
200
200
200
200
200
200
200
27
200
200
200
200
200
200
200
200
151
200
200
101
200
200
200
200
200
200
200
200
200
200
200
200
200
200
200
200
200
200
200
200
200
200
200
200
200
200
200
200
200
200
200
200
200
200
200
200
200
200
200
200
200
200
200
200
200
200
200
200
200
200
200
200
200
200
200
200
200
200
200
200
200
200
200
200
200
200
200
200
200
200
200
200
200
