200
200
200
200
130
141
200
200
120
43
200
200
64
127
200
156
63
94
145
24
148
49
99
121
118
200
145
41
13
200
200
58
144
126
103
89
78
200
141
181
89
30
200
67
85
16
67
29
40
200
57
19
39
25
43
35
45
114
60
200
181
46
43
200
26
57
65
89
66
31
65
200
47
49
51
108
23
150
16
27
20
61
44
125
24
124
29
113
28
45
14
37
160
36
200
20
26
51
200
60
21
24
189
200
20
200
25
107
74
200
20
80
104
31
21
27
32
142
32
72
53
28
61
32
71
29
40
79
64
15
16
79
147
83
34
68
14
20
21
23
35
72
23
66
20
21
48
18
15
12
