200
96
200
73
62
200
121
163
112
57
200
144
37
199
200
55
200
200
51
52
120
22
53
43
11
200
136
50
111
200
37
200
35
200
200
200
200
200
200
64
98
42
56
200
140
200
200
200
200
200
200
200
200
113
200
200
200
162
200
16
47
111
200
200
200
72
32
200
200
67
14
200
200
200
200
200
200
200
44
200
200
200
200
200
200
200
200
200
11
200
200
200
200
200
200
200
200
24
200
200
200
200
200
200
200
200
47
35
200
200
200
200
200
200
200
200
200
200
200
200
200
200
200
200
200
200
200
200
200
200
200
200
200
200
200
200
200
200
200
200
200
200
200
200
200
200
200
200
200
200
