200
75
200
200
200
200
200
200
200
200
200
200
200
200
71
23
200
200
28
42
36
62
200
36
48
200
63
98
49
119
35
70
37
59
43
103
200
72
23
162
43
110
39
195
123
192
57
111
81
22
200
56
200
24
200
33
145
200
73
136
126
83
51
39
200
18
36
73
35
28
200
88
200
200
10
16
200
76
46
36
53
200
153
42
44
46
93
36
68
138
89
65
46
63
108
200
52
107
28
22
30
46
51
47
200
71
79
48
41
97
44
26
27
30
16
75
104
17
61
41
30
187
26
27
18
22
19
55
200
200
85
10
31
138
22
25
65
39
15
21
57
15
13
56
14
56
19
68
25
22
