200
200
200
200
200
200
200
40
200
102
200
200
92
200
60
200
200
37
68
200
200
79
200
145
200
29
200
67
199
200
68
200
200
200
200
76
200
200
73
50
83
200
56
23
200
89
26
145
16
200
200
139
90
200
14
28
18
200
200
200
9
200
200
200
131
200
103
77
83
139
186
139
81
34
169
96
95
45
200
158
69
27
58
200
25
27
99
39
127
20
89
9
81
68
80
17
17
28
10
45
20
27
70
124
99
41
31
113
66
81
41
20
111
29
22
30
11
50
30
32
64
101
19
38
96
31
94
95
193
36
22
14
123
23
27
28
96
29
54
28
27
64
26
18
27
114
40
20
67
18
