200
200
200
200
200
200
200
200
119
27
200
200
160
22
131
200
67
200
200
148
200
200
200
200
33
200
55
200
200
200
135
200
140
200
134
200
200
200
200
200
103
66
200
200
155
84
200
46
48
53
85
200
156
32
73
107
200
32
54
119
18
16
37
200
63
130
21
86
200
108
61
200
86
13
135
96
189
200
59
200
52
15
101
16
26
15
57
200
11
21
40
169
13
25
16
33
47
31
37
40
21
74
171
13
18
18
30
14
35
57
44
38
24
63
15
19
24
16
57
15
111
13
52
13
45
28
24
23
200
48
22
12
17
14
62
11
79
53
12
15
47
10
13
72
12
15
11
11
20
33
