200
200
200
200
200
167
200
200
200
200
200
200
200
200
200
200
200
200
200
200
200
200
200
200
200
200
200
200
200
200
200
200
200
200
200
200
200
200
200
200
200
200
200
200
200
200
200
200
200
200
200
200
200
200
200
200
200
200
200
200
200
200
200
200
200
200
200
200
200
200
200
200
200
200
200
200
200
200
200
200
200
200
200
50
81
200
200
38
200
200
37
200
59
200
200
200
200
200
34
116
44
28
30
16
182
20
67
29
38
39
17
34
39
88
52
50
57
22
28
200
200
65
30
121
24
13
59
23
63
45
33
87
93
18
31
25
18
17
16
54
89
17
33
55
23
15
21
55
64
23
