173
200
28
86
183
58
50
108
200
83
200
82
200
157
200
200
200
90
98
200
200
200
200
200
200
43
200
200
200
200
200
200
200
200
200
200
200
200
200
200
200
200
200
200
200
200
200
200
200
200
200
200
200
200
200
200
200
200
200
200
200
200
200
200
200
200
200
200
200
200
200
200
200
200
200
200
200
200
200
200
200
200
200
200
200
200
200
200
200
200
200
200
200
200
200
200
200
200
200
200
200
200
200
200
200
200
200
200
200
200
200
200
200
200
200
200
200
200
15
200
200
200
200
200
64
200
137
200
200
200
200
200
200
83
200
36
200
200
200
200
45
53
64
27
43
25
200
24
69
90
