58
200
200
200
136
59
200
200
200
200
200
200
200
200
200
200
200
200
200
200
200
200
200
200
200
200
200
24
200
200
200
200
200
200
200
200
200
200
200
200
200
200
200
200
200
200
200
200
200
200
200
200
200
200
200
200
200
200
200
200
200
200
200
200
200
200
200
200
200
40
200
200
200
200
200
43
200
200
200
200
200
200
200
200
200
200
200
200
200
200
200
200
200
200
200
200
200
200
200
200
200
200
200
200
200
200
200
200
200
200
200
200
200
200
200
128
200
36
200
200
200
200
200
200
200
122
21
22
200
200
53
200
200
77
77
200
200
61
200
22
200
200
200
200
200
200
55
38
200
200
