200
200
200
200
200
154
100
200
200
58
200
200
200
200
109
200
93
164
43
200
68
200
101
110
200
32
60
200
200
94
200
200
200
139
200
102
137
185
104
169
111
171
41
34
200
41
200
93
200
181
105
200
56
43
200
95
200
163
200
65
197
168
51
15
13
24
200
200
200
200
187
200
161
182
200
154
200
20
200
200
200
200
200
200
200
200
200
200
200
200
200
200
200
200
200
200
200
200
200
200
200
200
200
200
200
200
200
200
200
200
200
200
200
200
200
200
200
200
84
200
200
200
200
200
200
200
74
200
200
200
200
200
200
200
200
200
200
200
200
200
200
200
200
200
200
200
200
200
200
200
