200
126
200
200
200
114
80
200
200
200
200
200
155
186
200
200
200
200
200
63
200
178
200
200
200
200
123
155
79
200
200
200
200
105
162
200
200
102
96
200
107
130
200
200
200
200
159
124
69
200
65
196
200
200
28
161
200
57
200
181
200
137
200
96
200
200
200
194
200
200
200
200
122
175
200
32
195
93
200
42
155
200
200
200
200
200
139
23
200
81
132
200
37
88
148
45
33
27
38
52
200
77
37
47
78
41
32
43
47
145
121
32
28
37
154
33
184
42
44
64
38
95
19
66
13
86
32
16
71
22
27
30
37
31
36
24
29
54
46
28
20
14
22
18
45
24
24
34
25
31
