200
200
107
200
200
200
200
200
164
200
200
200
47
200
200
155
139
200
200
200
200
200
200
185
200
200
200
111
72
200
149
200
200
200
200
200
200
200
200
200
200
200
200
200
200
200
200
200
200
200
200
200
200
200
200
200
200
200
200
200
200
200
200
200
200
200
132
200
200
200
200
200
200
200
200
200
178
200
200
200
111
200
200
200
200
166
56
56
200
132
72
200
200
200
200
200
200
200
83
100
200
200
200
200
200
200
200
106
200
119
26
13
200
200
77
35
200
121
200
75
200
110
200
200
200
164
200
200
200
200
200
141
63
170
45
32
61
32
163
54
131
31
65
126
26
70
63
106
46
14
