41
200
200
200
200
79
200
84
105
200
172
200
156
34
79
102
200
107
151
200
45
200
200
25
200
173
69
200
73
200
18
66
200
138
58
122
36
109
59
153
41
200
173
200
154
200
200
57
59
134
135
200
49
119
122
67
86
24
30
64
77
191
35
77
11
20
148
33
43
200
200
26
28
88
26
66
15
21
50
23
200
45
75
19
18
15
46
58
30
53
68
158
55
18
12
200
200
17
23
134
175
13
200
46
37
39
200
55
33
13
42
28
34
65
92
158
39
65
54
114
90
35
121
112
108
40
35
45
14
28
13
14
52
17
23
27
71
61
18
27
67
35
25
128
16
109
14
35
24
26
