200
200
154
50
120
200
171
172
200
119
200
200
129
89
165
200
84
200
200
168
200
130
200
200
200
150
200
200
200
200
116
200
151
135
200
200
200
200
200
70
137
115
200
119
200
200
200
102
112
200
72
200
200
200
95
200
69
200
200
200
81
92
181
32
200
200
95
200
200
200
200
200
200
200
200
200
200
200
200
69
194
200
91
200
200
92
200
200
200
200
140
22
41
88
59
57
200
127
168
28
80
99
48
170
20
180
78
164
111
14
165
17
189
85
116
29
52
73
116
142
200
86
43
118
44
174
37
76
16
133
67
28
22
35
42
66
200
12
88
18
176
76
91
25
97
81
61
46
43
40
