200
200
200
200
200
145
134
200
158
200
183
154
112
200
118
94
200
200
158
200
176
200
44
52
182
182
152
26
148
200
62
200
200
36
200
150
125
88
89
188
89
200
200
200
79
56
200
105
200
200
113
84
200
54
200
127
61
200
85
25
84
200
40
42
128
96
29
18
37
47
37
33
34
15
74
35
49
29
53
77
16
34
45
153
200
52
25
26
47
38
60
33
53
17
28
10
62
16
78
32
52
37
63
31
51
33
19
29
14
200
165
63
28
37
39
17
24
13
33
16
54
10
39
18
48
22
26
25
21
16
12
13
35
21
61
12
13
32
14
31
25
44
23
24
13
55
11
18
27
10
