200
200
200
200
200
200
200
200
200
200
119
200
200
200
200
200
200
166
117
200
123
29
200
146
30
108
157
200
169
89
86
200
200
94
162
44
22
200
138
200
116
79
19
121
93
48
30
23
78
167
48
123
200
106
190
34
37
200
41
27
53
44
63
200
136
108
23
147
122
47
176
200
68
200
91
116
68
40
47
149
200
76
37
68
77
61
22
27
21
36
13
69
64
63
14
76
72
79
34
39
26
32
53
20
22
29
23
15
22
17
23
20
22
41
18
22
100
18
42
33
35
20
17
23
12
39
31
26
23
24
10
16
43
15
39
75
19
15
12
31
36
38
20
18
15
20
27
18
15
16
