200
198
150
200
26
15
59
200
126
24
188
108
200
60
24
160
61
113
32
89
40
29
150
46
200
43
200
74
200
54
99
74
58
200
123
88
200
200
200
200
200
200
53
186
29
172
27
200
200
139
52
200
13
109
114
200
25
190
37
11
200
157
46
154
15
31
47
94
36
91
194
200
19
17
95
39
39
11
200
120
200
200
19
105
14
126
36
63
26
12
195
120
107
41
99
49
92
20
18
25
200
11
175
19
15
60
96
26
56
46
58
11
35
100
68
38
75
72
24
14
40
124
16
17
13
72
10
57
28
38
36
17
79
39
15
77
13
30
46
200
113
16
55
38
44
27
43
10
62
50
