200
200
200
200
200
200
200
200
200
200
200
200
200
88
200
200
200
200
200
99
200
200
200
200
177
200
200
200
200
200
200
200
200
200
200
200
200
200
200
200
65
200
200
200
200
200
200
200
200
200
200
200
200
200
200
200
200
200
200
200
149
200
200
200
200
200
200
200
200
200
200
200
67
200
200
30
45
200
200
200
200
200
200
200
10
200
53
200
15
200
13
200
200
200
200
18
200
200
200
200
200
200
24
200
22
12
200
200
200
200
200
200
200
200
200
200
23
200
200
200
200
200
200
17
200
200
200
200
200
200
200
200
200
200
200
200
20
200
110
14
200
200
200
39
65
56
79
37
78
90
