200
117
200
200
200
200
200
200
113
200
200
200
200
200
200
200
176
200
195
200
200
200
200
200
200
200
200
200
200
200
200
158
200
200
200
200
187
200
129
200
107
200
200
200
200
200
200
200
189
200
200
200
200
200
200
200
200
83
200
70
200
200
200
200
200
200
200
200
200
120
89
200
200
196
200
200
64
200
200
200
200
200
200
200
200
200
189
200
120
200
134
200
200
200
200
122
163
166
200
124
200
163
200
200
200
200
104
132
200
200
200
200
148
72
200
200
177
200
200
200
172
200
200
200
109
200
200
200
37
200
200
200
173
191
200
167
200
200
200
200
171
67
126
200
200
103
200
200
200
200
