200
99
200
200
97
200
72
151
66
139
99
139
200
51
200
105
200
74
200
135
43
200
200
113
152
200
200
116
65
186
200
200
200
42
125
80
88
174
64
200
40
72
188
57
89
27
102
200
44
114
200
112
200
125
38
200
61
200
94
46
200
103
150
27
182
81
108
41
78
53
200
27
200
96
71
151
157
64
109
148
50
117
32
120
180
56
145
67
61
55
165
60
152
13
200
200
93
62
36
57
63
73
45
118
102
200
137
41
87
55
48
14
24
98
71
77
101
198
127
19
26
45
68
104
85
135
31
193
17
44
112
75
197
63
200
73
63
132
27
164
200
183
29
118
142
101
71
200
46
83
