200
200
200
200
200
200
200
200
200
200
76
200
200
15
200
22
200
113
101
200
200
200
32
200
200
200
123
126
157
157
200
181
41
200
200
200
200
109
200
200
200
43
49
200
171
200
174
123
200
60
28
26
200
200
122
200
171
20
190
67
84
48
131
200
67
200
200
15
106
116
75
147
200
129
200
166
73
200
200
75
87
45
126
129
31
200
200
32
200
173
29
177
200
200
13
30
36
200
200
136
194
200
36
81
63
200
110
200
110
29
133
49
185
35
73
200
37
68
57
136
90
130
200
200
200
90
30
200
68
200
159
200
146
9
29
76
68
49
57
74
60
20
50
92
200
168
118
98
54
49
