200
200
200
200
200
200
164
200
200
200
142
200
25
200
200
78
55
200
200
200
200
85
115
84
98
48
161
200
200
200
164
200
120
74
200
87
200
200
52
200
200
200
200
151
200
200
116
200
107
200
179
200
65
41
66
200
200
200
143
135
75
200
70
200
200
195
115
57
156
14
149
200
200
200
200
200
52
133
140
162
93
20
199
101
51
84
64
138
28
106
122
72
146
106
81
159
18
60
129
46
198
165
200
196
70
200
200
200
200
32
102
114
41
89
13
171
95
165
48
142
200
95
138
200
71
200
158
89
51
118
65
13
200
170
37
67
17
112
171
96
61
32
57
123
22
171
11
144
34
15
