200
200
200
200
200
200
200
200
123
200
200
133
200
87
200
200
200
122
200
200
200
168
53
200
98
200
200
200
137
92
200
143
121
138
94
200
56
126
110
109
82
126
174
25
200
123
76
200
169
200
167
200
15
200
56
14
160
135
200
200
55
17
200
200
102
119
200
81
53
38
200
40
200
69
26
200
200
96
200
200
200
44
200
200
200
101
25
58
200
200
200
200
18
200
200
200
83
117
200
200
53
147
200
129
200
35
27
200
81
200
200
105
78
200
178
21
19
36
130
200
57
42
54
200
110
20
77
32
200
35
94
29
20
74
200
22
25
189
143
42
35
59
39
79
158
18
99
49
77
73
