200
175
200
200
200
95
38
112
200
200
200
142
200
200
200
124
200
38
200
200
200
148
107
109
200
200
87
121
200
200
200
200
200
200
153
200
146
105
200
200
200
200
200
200
200
78
200
90
37
49
44
200
88
200
58
150
26
161
175
92
186
107
64
36
95
55
14
42
200
47
37
35
26
52
84
65
32
168
29
18
33
43
97
19
25
107
68
34
117
43
107
24
32
49
37
39
44
18
20
38
10
15
108
17
45
26
115
69
24
26
19
131
39
36
17
31
24
16
60
49
69
91
24
29
17
13
39
58
15
34
12
12
104
34
14
23
23
43
18
33
13
27
19
49
19
14
28
30
23
115
