200
200
200
75
134
200
200
143
165
80
200
200
200
200
200
200
200
200
37
200
118
66
200
84
200
76
200
162
200
38
200
34
29
176
200
79
200
34
78
175
200
67
200
200
200
200
91
91
96
31
200
98
200
177
148
200
98
114
199
56
200
108
122
44
200
166
128
68
196
159
187
94
22
60
21
20
64
101
36
200
84
66
46
171
183
185
200
22
21
20
36
25
50
88
55
37
200
196
37
60
20
154
37
176
169
114
51
200
154
36
47
20
102
113
192
14
17
76
60
59
13
58
48
118
70
39
28
200
23
27
37
38
37
200
26
12
200
94
11
16
64
76
35
17
102
198
32
9
26
14
