200
200
68
132
145
88
56
20
26
62
76
200
54
200
39
55
61
42
193
46
19
100
62
200
103
157
200
97
59
200
200
84
192
185
54
138
70
78
167
113
44
14
135
28
31
36
87
37
69
37
68
38
163
200
21
61
167
31
73
70
31
27
78
164
35
110
126
52
147
200
145
78
49
200
117
200
64
200
200
200
24
16
149
200
147
200
172
177
145
37
114
148
130
200
121
119
88
200
200
102
83
104
200
50
200
169
200
200
134
200
116
16
130
19
144
200
200
62
37
92
200
57
40
200
200
63
91
91
200
159
85
154
200
200
120
44
200
200
88
46
200
70
200
200
118
200
17
184
200
71
