200
200
200
72
200
200
200
200
200
200
200
132
200
200
200
67
60
200
157
200
200
200
200
70
200
71
118
35
72
44
200
82
75
200
121
175
200
105
200
38
98
36
123
43
78
59
110
84
87
200
200
200
94
64
61
200
93
200
158
175
55
124
93
66
200
113
185
200
140
135
93
200
149
112
101
30
79
200
200
121
96
57
51
49
200
200
200
200
35
200
87
106
200
59
155
49
132
47
200
158
108
200
56
52
150
200
82
146
140
170
155
200
144
161
140
200
51
200
200
55
103
151
128
164
142
162
81
98
165
28
87
30
51
48
96
200
47
21
200
38
118
105
96
62
200
34
200
149
111
169
