200
200
200
200
200
200
200
77
200
200
200
200
200
200
200
65
53
200
200
200
200
200
56
200
92
200
200
200
200
200
24
98
200
29
200
200
35
200
62
200
200
200
200
200
200
62
76
72
200
200
200
200
41
200
200
200
200
88
200
200
200
134
111
200
200
38
200
200
200
157
114
200
200
200
80
138
119
82
151
61
200
172
46
72
200
200
200
200
63
193
200
80
200
23
52
170
132
200
120
200
75
200
179
200
200
121
200
153
76
200
200
27
100
193
57
200
200
65
200
148
66
149
72
128
200
103
47
200
127
91
200
84
85
167
152
127
52
174
132
200
152
84
74
200
47
57
18
89
49
200
