200
200
190
200
200
200
108
200
146
200
200
200
200
200
37
71
73
200
200
200
200
200
200
200
200
200
68
192
200
200
200
27
200
80
200
169
200
200
200
200
200
104
27
200
200
200
86
200
200
200
177
200
200
200
200
98
200
200
200
33
200
200
200
52
200
200
85
169
200
200
90
200
117
53
200
79
40
143
200
102
200
200
200
161
200
171
139
52
74
200
200
200
200
200
200
138
200
200
200
200
200
200
200
95
200
64
58
132
64
142
200
173
25
92
31
200
63
51
200
150
88
95
200
200
200
46
107
111
54
171
200
200
193
200
43
200
200
88
190
30
200
81
131
17
200
26
42
52
20
78
