200
51
154
200
200
94
200
114
125
46
200
200
195
200
200
200
200
154
200
79
66
86
200
24
87
61
200
112
141
156
200
144
200
200
71
200
178
80
56
92
167
35
91
44
35
38
29
22
111
81
67
90
38
43
200
48
13
33
95
200
172
65
24
58
36
46
90
129
129
82
200
88
105
102
34
41
25
19
200
200
137
40
33
200
17
158
200
118
200
74
61
50
27
52
13
59
98
69
57
31
46
91
176
86
45
22
35
75
18
30
56
44
31
99
61
58
175
16
36
37
184
116
51
119
43
52
200
10
99
93
71
12
43
86
34
95
13
42
45
34
11
117
15
139
16
14
166
64
28
136
