200
200
200
200
200
78
200
112
200
155
200
79
181
200
57
121
200
200
95
124
200
200
51
69
200
146
200
131
200
89
200
158
200
200
88
167
200
132
33
200
69
22
200
200
88
58
166
200
200
183
200
200
105
163
21
140
92
200
81
185
198
200
200
163
120
198
191
166
200
104
49
200
136
192
176
99
28
96
91
200
90
200
62
200
200
200
78
65
16
200
200
200
194
154
189
140
145
200
200
195
200
21
84
59
200
200
50
200
200
200
200
54
68
200
200
200
43
63
200
42
200
155
146
92
200
27
200
200
166
50
200
180
200
56
73
126
200
93
200
122
200
200
51
200
200
200
200
200
200
200
