200
21
153
188
80
165
200
200
147
200
108
80
78
60
77
200
23
184
19
34
200
141
103
200
200
200
120
200
200
97
10
118
75
61
137
35
200
200
200
60
30
154
64
200
200
200
200
58
200
200
98
200
200
200
32
200
49
200
200
200
175
200
200
47
82
56
200
200
200
200
167
200
200
158
28
25
178
99
200
62
143
72
185
76
66
200
146
87
73
200
200
200
200
197
200
200
200
119
87
59
200
200
111
200
200
193
51
64
52
200
200
68
92
177
71
34
35
173
200
200
200
200
200
60
200
43
40
27
24
200
200
25
11
65
200
47
200
31
200
26
119
200
200
200
200
115
200
82
59
200
