200
162
200
64
200
158
200
180
200
200
200
200
128
119
200
106
200
200
200
200
91
200
200
200
64
200
200
200
200
200
200
200
200
200
200
200
200
200
200
200
200
200
200
200
200
200
200
200
200
200
200
200
200
200
200
200
200
200
200
200
200
200
200
200
200
200
200
200
200
200
200
200
200
200
200
200
200
200
200
200
200
200
200
200
200
200
200
200
200
200
200
200
200
25
200
200
200
32
20
200
200
200
200
40
36
200
26
200
200
200
200
94
200
65
200
200
19
200
43
200
200
200
22
14
18
200
200
35
200
23
200
38
200
31
200
65
41
200
52
200
20
200
37
11
200
25
200
24
200
200
