200
200
200
169
200
55
200
138
200
104
33
200
200
200
200
200
200
200
109
200
39
200
200
200
118
200
124
200
200
195
82
200
200
91
46
200
200
200
200
107
200
200
72
200
177
200
200
61
200
192
147
200
200
149
93
187
175
24
200
83
117
200
200
200
200
200
73
177
200
200
200
200
126
132
200
200
200
200
182
61
200
200
200
200
36
74
135
200
200
200
63
200
111
200
200
200
101
200
200
93
200
199
41
200
200
116
200
119
195
39
139
200
200
186
200
200
200
200
38
39
35
200
200
200
28
116
200
200
156
200
131
200
200
200
150
29
200
79
200
200
37
200
200
200
128
200
200
37
200
200
