200
200
200
96
200
156
200
200
200
200
200
200
200
200
48
200
200
51
200
200
200
144
200
200
108
200
200
200
200
200
155
200
200
96
52
200
29
115
200
51
200
200
200
200
200
200
200
175
200
200
200
135
200
83
169
200
200
88
200
200
200
200
75
199
200
81
200
200
141
200
200
117
200
64
81
181
200
200
156
142
200
61
200
119
200
200
200
200
200
149
200
124
200
47
37
200
200
200
32
54
72
154
61
200
76
200
145
200
200
200
200
200
125
200
24
200
146
200
200
200
95
200
200
200
200
200
148
200
200
91
200
200
200
200
200
81
200
200
187
200
168
47
197
179
119
200
200
200
113
186
