200
99
200
200
200
200
200
200
200
187
200
200
200
35
200
200
200
200
104
99
200
33
200
200
163
200
200
133
200
200
109
200
200
196
200
109
200
200
147
104
200
116
200
200
112
200
200
200
110
91
40
120
200
99
200
200
200
56
126
130
123
200
200
200
200
200
200
200
200
200
200
84
200
47
200
136
200
147
52
200
156
200
128
200
200
200
146
153
69
200
133
200
200
197
200
50
56
200
200
200
200
200
200
122
116
135
200
200
200
91
200
200
200
200
193
200
192
98
65
200
200
200
200
200
200
200
159
200
110
200
189
148
200
20
168
200
60
200
200
114
200
196
200
161
142
200
200
200
200
200
