83
46
44
65
200
94
143
23
200
200
126
200
200
113
200
176
200
200
200
122
128
200
200
200
72
200
200
200
200
133
200
200
200
200
68
200
23
200
200
200
99
148
200
200
106
200
200
200
200
200
200
200
122
132
137
155
200
200
106
200
45
110
93
33
12
144
19
200
200
200
200
200
93
200
54
143
47
200
200
65
109
200
138
200
174
89
21
75
161
200
200
200
200
162
98
200
200
200
58
200
200
182
54
200
200
200
123
93
167
74
200
200
200
153
200
111
26
200
33
143
112
109
200
159
163
200
200
113
200
36
200
200
39
48
25
160
81
200
200
40
80
182
128
178
88
200
128
200
155
60
