200
97
121
200
200
200
200
200
200
151
200
200
200
200
180
200
200
200
200
200
200
200
200
200
200
200
200
85
120
200
200
66
200
200
200
21
200
200
200
200
200
200
200
200
200
200
200
151
200
192
200
200
200
200
200
200
200
200
200
200
133
200
200
200
121
200
200
200
200
78
200
146
200
123
200
198
200
24
200
126
200
200
200
200
200
200
200
200
180
200
200
200
200
200
200
200
40
92
138
200
200
200
200
200
95
200
200
200
200
200
200
200
200
200
200
200
165
200
200
200
200
200
200
200
200
120
200
200
200
177
200
200
200
200
181
79
109
177
200
200
183
104
200
200
187
200
77
41
200
160
