200
200
176
200
200
200
91
68
151
140
63
36
26
200
200
200
107
31
26
200
200
79
200
33
145
147
52
150
183
60
62
200
47
154
30
126
200
91
38
200
41
46
38
43
20
36
52
193
175
52
65
200
136
200
200
200
135
144
171
26
70
200
200
200
200
80
99
79
200
46
36
39
66
44
33
200
200
200
200
53
181
94
200
99
167
126
74
36
31
57
200
143
38
129
133
167
75
60
200
200
63
63
21
82
60
54
114
200
108
44
66
83
137
84
79
136
101
155
117
62
82
155
122
168
18
104
11
49
105
128
54
41
200
200
106
58
93
52
77
49
142
28
100
102
73
100
91
190
50
68
