200
122
97
168
200
129
65
61
200
200
72
200
200
200
118
73
200
200
122
200
180
200
200
58
44
200
97
200
200
129
200
200
58
200
200
200
166
200
155
200
53
112
146
200
172
200
83
116
198
142
200
200
167
95
104
200
93
152
139
200
200
200
200
66
200
200
190
200
41
37
161
87
200
200
200
200
200
60
44
200
60
200
23
200
200
35
200
67
200
153
200
142
200
136
77
200
148
200
168
200
200
125
200
200
200
172
200
200
200
200
70
95
44
200
35
132
200
171
100
46
35
132
200
200
200
162
147
148
51
124
200
165
123
74
200
125
153
113
120
200
197
200
124
37
200
200
135
110
28
74
