200
200
200
200
200
200
155
200
200
140
200
178
200
70
118
200
200
60
55
200
187
39
184
200
21
147
200
200
99
40
200
73
68
89
50
39
55
113
22
38
200
200
99
193
23
58
80
102
200
53
200
123
200
136
200
71
175
84
26
200
122
200
200
198
200
138
200
200
107
66
140
200
77
188
88
53
186
200
119
200
38
200
35
200
50
157
89
34
200
129
91
50
200
25
60
200
90
200
200
111
56
200
200
200
200
196
129
169
92
45
188
200
97
83
148
94
33
68
137
44
51
113
200
123
169
22
154
81
117
200
42
36
198
200
200
62
114
166
100
133
100
38
94
167
200
35
22
53
200
118
