200
200
200
200
200
200
200
200
200
200
200
200
200
200
200
200
200
200
200
200
200
147
200
200
200
200
200
200
200
200
200
200
200
200
45
200
200
196
200
200
200
200
200
137
200
125
164
200
200
200
200
200
200
200
200
200
200
200
200
200
200
200
185
200
200
200
200
200
200
176
200
200
200
115
200
200
200
200
200
200
200
200
200
200
200
171
200
200
200
200
200
200
200
200
200
200
200
200
200
165
153
200
200
165
200
200
200
64
200
135
200
200
187
200
200
200
200
200
200
200
200
200
200
200
200
200
200
200
200
200
177
113
88
93
77
105
200
200
67
200
200
200
200
200
200
200
200
200
200
94
