200
74
200
200
200
200
200
200
200
200
200
164
200
200
90
187
200
200
200
85
197
200
53
200
200
179
119
200
125
35
200
200
162
200
84
200
200
173
200
43
191
200
200
156
200
154
114
38
200
200
197
200
25
200
200
43
200
135
200
115
200
200
128
200
173
94
90
200
200
200
114
200
132
141
200
171
46
200
200
76
115
200
91
200
200
25
200
200
200
200
200
50
200
200
110
200
67
132
200
200
200
84
200
200
200
125
51
56
93
200
85
200
200
200
115
198
200
77
200
67
200
200
57
200
200
63
196
126
200
200
200
67
200
89
91
60
108
200
200
200
200
126
200
200
193
200
186
200
172
131
