200
200
127
200
200
53
200
200
200
179
200
200
152
99
191
200
47
79
200
200
200
162
40
56
171
100
200
178
89
171
23
46
162
200
200
94
180
200
200
200
200
147
105
53
200
200
155
200
95
105
181
44
80
71
171
200
46
200
99
58
200
110
35
200
144
136
200
134
200
45
121
200
200
94
58
200
64
146
200
194
200
183
121
45
200
79
51
173
53
72
200
200
179
47
200
200
76
154
200
135
124
74
200
144
200
86
200
17
83
98
97
200
170
200
200
200
125
200
107
85
144
200
85
9
166
200
200
73
200
54
42
37
200
52
122
200
55
147
56
200
21
52
200
200
200
200
108
112
200
200
