173
200
200
200
200
200
167
200
24
200
200
200
182
168
200
200
200
200
200
200
71
187
200
59
102
200
200
200
200
200
200
200
200
200
200
200
200
200
124
121
200
200
123
200
200
185
200
200
200
200
200
68
156
143
200
200
159
167
55
200
112
200
200
200
75
200
200
69
174
200
200
200
200
200
200
200
200
200
200
200
200
200
200
200
133
200
200
200
163
200
164
84
200
200
200
200
200
166
99
200
119
150
200
200
100
200
200
200
200
182
200
200
200
200
200
200
168
200
200
200
200
200
200
200
200
200
200
200
130
90
200
200
158
66
200
200
200
200
200
200
200
65
196
200
200
45
200
46
200
200
