200
200
200
200
200
200
200
90
146
190
200
200
200
200
200
200
81
141
140
49
200
59
200
200
135
200
194
41
200
200
55
98
200
192
200
200
200
200
42
200
63
41
151
200
200
200
93
84
89
200
100
40
200
72
200
193
200
85
49
59
49
87
36
200
200
115
200
192
86
200
52
89
140
200
141
105
113
200
126
44
67
153
35
51
49
153
191
37
36
45
59
27
33
200
118
183
101
153
61
37
45
14
39
87
158
45
76
113
200
26
123
36
200
200
200
24
30
135
200
18
83
102
49
200
57
41
76
200
19
200
47
130
96
19
141
29
169
35
25
101
171
72
200
97
109
152
37
48
97
200
