132
146
67
200
200
200
200
36
200
200
200
200
200
109
56
200
145
200
36
60
92
87
126
200
200
76
35
200
200
200
200
160
200
186
58
141
61
118
32
200
200
200
148
129
78
69
169
23
61
60
200
87
185
77
59
65
38
120
200
18
152
121
65
92
177
92
56
101
61
50
142
133
24
64
54
77
128
52
200
45
98
200
72
41
182
84
71
111
80
200
95
200
82
92
138
107
70
190
101
180
172
104
200
88
134
74
200
159
155
179
62
134
126
128
67
13
200
46
38
9
142
69
57
105
23
200
35
120
109
50
158
50
200
200
166
109
98
90
200
67
66
112
59
102
187
200
19
200
68
86
