200
200
200
200
200
200
200
200
200
200
127
143
200
55
200
117
200
48
200
200
200
200
200
200
138
44
200
95
200
200
200
200
200
200
200
200
200
200
200
200
200
200
200
176
108
162
200
200
200
200
200
200
200
200
128
200
200
34
154
200
200
200
115
200
117
200
95
200
200
34
145
125
200
200
200
131
200
200
200
200
200
200
200
200
200
200
146
200
160
200
124
200
200
41
200
109
200
200
200
200
114
200
124
200
200
200
173
87
200
77
127
121
200
200
200
110
200
134
200
70
200
200
200
36
200
165
101
200
180
188
58
200
200
200
101
136
84
200
97
189
200
200
200
89
200
200
200
200
200
200
