179
200
200
200
200
200
200
189
200
113
200
120
130
200
156
108
200
200
35
200
174
88
197
41
200
43
200
103
68
71
95
84
41
39
200
200
94
107
200
123
200
200
200
200
117
200
200
11
200
200
165
200
200
200
200
168
200
200
200
114
122
200
200
200
181
181
200
90
200
200
200
200
78
200
200
84
200
200
200
200
200
200
158
117
200
200
200
200
135
61
200
25
200
200
86
200
48
200
78
142
158
200
63
200
200
200
137
200
200
106
82
59
180
200
178
147
200
200
87
73
29
200
200
151
113
200
200
107
200
80
200
200
200
42
102
37
75
200
122
200
82
116
200
200
200
131
200
96
67
192
