200
200
200
157
200
200
59
34
200
200
200
200
200
200
200
64
107
200
200
200
93
94
200
158
200
200
157
130
200
135
132
46
30
200
200
125
52
200
73
26
200
59
148
36
67
194
200
91
200
93
157
200
77
200
123
85
200
137
47
200
67
24
33
166
80
53
43
135
148
169
174
200
200
90
43
200
185
200
31
42
193
200
200
37
200
45
200
133
62
60
147
157
77
116
21
200
200
55
200
121
200
200
200
200
200
122
83
57
200
37
67
27
200
200
22
89
139
200
200
200
59
200
200
61
169
200
170
200
81
200
200
200
200
200
130
200
67
200
185
200
200
200
131
200
200
200
120
200
200
200
