59
12
75
200
85
200
35
49
180
200
143
200
200
170
168
200
117
106
200
186
68
51
75
40
68
200
121
200
34
81
200
200
50
105
200
88
128
27
75
72
200
155
176
145
95
157
116
62
18
89
200
22
200
60
98
121
81
111
34
12
59
157
102
200
200
75
58
32
70
75
29
53
91
103
74
47
150
43
53
60
35
48
39
184
200
116
200
140
14
82
157
71
54
133
99
29
49
55
45
69
200
83
200
21
16
163
77
86
54
72
52
124
30
14
78
82
104
191
88
90
50
51
25
69
14
49
25
37
20
38
29
200
151
52
52
31
29
37
15
30
82
74
64
53
17
33
10
9
69
47
