200
200
200
200
200
200
200
200
200
40
200
200
200
200
200
200
191
200
200
42
200
189
200
200
200
121
200
99
200
197
200
200
200
155
200
200
200
200
200
122
200
184
169
200
200
46
200
149
96
51
200
200
190
200
200
76
200
200
200
200
200
138
98
57
200
53
191
200
77
200
200
200
70
200
183
200
43
200
198
25
200
190
136
68
119
200
108
85
200
200
103
52
95
111
110
104
114
160
113
196
152
132
200
200
181
200
200
200
52
200
105
200
200
200
200
200
191
200
200
200
200
42
200
71
200
152
175
200
200
200
200
69
200
200
200
200
200
69
75
200
133
200
200
76
200
23
200
138
168
42
